 00004 0001 19970101  2   29.33
 00004 0001 19970118  2   29.73
 00004 0001 19970802  1   14.96
 00004 0001 19971212  2   26.48
 00021 0002 19970101  3   63.34
 00021 0002 19970113  1   11.77
 00050 0003 19970101  1    6.79
 00071 0004 19970101  1   13.97
 00086 0005 19970101  2   23.94
 00111 0006 19970101  1   35.99
 00111 0006 19970111  1   32.99
 00111 0006 19970315  4   77.96
 00111 0006 19970416  3   59.30
 00111 0006 19970424  2  134.98
 00111 0006 19970623  1   91.92
 00111 0006 19970722  3   47.08
 00111 0006 19970726  2   71.96
 00111 0006 19971025  3   78.47
 00111 0006 19971206  3   83.47
 00111 0006 19980118  4   84.46
 00111 0006 19980215  4  123.96
 00111 0006 19980221  2   32.98
 00111 0006 19980226  2   23.06
 00111 0006 19980510  1   72.99
 00111 0006 19980620  3   55.47
 00112 0007 19970101  1   11.77
 00112 0007 19970205  1   11.77
 00113 0008 19970101  3   32.91
 00113 0008 19980304  1   15.27
 00113 0008 19980307  1   11.49
 00114 0009 19970101  1   16.36
 00114 0009 19970501  2   28.13
 00114 0009 19970908  1   22.97
 00114 0009 19980210  1   28.49
 00114 0009 19980211  2   28.98
 00131 0010 19970101  2   30.32
 00133 0011 19970101  1   18.99
 00133 0011 19970127  1   14.37
 00133 0011 19970201  1    9.77
 00133 0011 19970302  1   15.99
 00133 0011 19970504  3   47.33
 00133 0011 19970621  3   59.74
 00133 0011 19971111  2   32.98
 00151 0012 19970101  1   13.97
 00166 0013 19970101  2   29.53
 00166 0013 19971130  2   16.48
 00166 0013 19971213  3   36.97
 00166 0013 19971221  2   17.98
 00166 0013 19971224  3   36.97
 00166 0013 19980224  1   11.49
 00166 0013 19980318  1   11.88
 00166 0013 19980527  1   11.88
 00181 0014 19970101  3   43.70
 00198 0015 19970101  1   15.76
 00221 0016 19970101  1   12.49
 00228 0017 19970101  2   25.98
 00228 0017 19970206  2   23.54
 00228 0017 19970211  1   13.97
 00228 0017 19970212  1   27.77
 00228 0017 19970228  1    9.98
 00228 0017 19970311  1   15.36
 00228 0017 19970527  1   21.97
 00228 0017 19970531  1   17.30
 00228 0017 19970708  3   51.75
 00228 0017 19970807  2   36.74
 00228 0017 19970828  1   23.97
 00228 0017 19971229  3   41.47
 00228 0017 19980106  1   29.99
 00234 0018 19970101  1   13.97
 00234 0018 19970204  1    9.99
 00226 0019 19970102  2   35.93
 00226 0019 19970223  2   26.73
 00226 0019 19970420  2   23.76
 00226 0019 19970719  2   24.74
 00226 0019 19980215  1   15.49
 00226 0019 19980505  3   43.47
 00243 0020 19970102  2   17.96
 00256 0021 19970102  1   14.99
 00256 0021 19970302  2   34.60
 00256 0021 19970414  1   29.99
 00261 0022 19970102  1    8.77
 00281 0023 19970102  1   14.70
 00297 0024 19970102  1   14.96
 00312 0025 19970102  2   87.74
 00312 0025 19971221  1   14.99
 00314 0026 19970102  1    3.99
 00314 0026 19970113 10  166.89
 00314 0026 19970113  4   60.25
 00333 0027 19970102  1   15.90
 00341 0028 19970102  2   26.14
 00341 0028 19970727  4   80.46
 00350 0029 19970102  1   46.37
 00353 0030 19970102  2   28.76
 00353 0030 19970212  2   40.47
 00367 0031 19970102  1   44.77
 00388 0032 19970102  1   10.77
 00408 0033 19970102  1   25.99
 00425 0034 19970102  1   14.99
 00429 0035 19970102  1   11.77
 00429 0035 19970711  2   31.14
 00429 0035 19980614  1   59.49
 00440 0036 19970102  1   14.96
 00473 0037 19970102  3   34.97
 00489 0038 19970102  3   47.00
 00489 0038 19970117  1   13.97
 00502 0039 19970102  1   15.36
 00502 0039 19971009  1   16.99
 00516 0040 19970102  1   14.99
 00487 0041 19970103  1   11.77
 00530 0042 19970103  1   11.97
 00542 0043 19970103  4   45.67
 00558 0044 19970103  4   49.67
 00562 0045 19970103  1    8.97
 00562 0045 19970623  1   14.96
 00564 0046 19970103  3   40.70
 00564 0046 19970114  1   14.96
 00564 0046 19970121  2   43.13
 00564 0046 19970127  1   14.96
 00564 0046 19970204  2   39.33
 00564 0046 19970411  2   29.92
 00564 0046 19970627  2   37.93
 00564 0046 19970710  2   26.73
 00564 0046 19970714  2   29.58
 00564 0046 19970729  1   14.96
 00564 0046 19970731  1   21.97
 00564 0046 19970828  2   29.73
 00564 0046 19970828  2   27.74
 00564 0046 19970901  2   23.54
 00564 0046 19971013  2   32.48
 00564 0046 19971028  2   24.48
 00564 0046 19971214  3   35.97
 00564 0046 19980110  2   26.48
 00564 0046 19980213  2   28.98
 00564 0046 19980301  2   30.98
 00564 0046 19980305  2   32.47
 00564 0046 19980325  2   25.98
 00564 0046 19980415  1   11.88
 00564 0046 19980531  1   12.99
 00581 0047 19970103  1   14.37
 00612 0048 19970103  1   12.49
 00621 0049 19970103  1   17.90
 00621 0049 19970114  1   14.37
 00636 0050 19970103  3   27.92
 00656 0051 19970103  3   55.10
 00656 0051 19980411  6   93.81
 00656 0051 19980411  2   20.98
 00675 0052 19970103  1   24.99
 00687 0053 19970103  1   12.97
 00687 0053 19980410  2   34.41
 00736 0054 19970103  2   28.74
 00755 0055 19970103  1   52.99
 00756 0056 19970103  1   14.37
 00756 0056 19970706  1   13.97
 00756 0056 19970823  4   42.08
 00760 0057 19970103  1   11.77
 00760 0057 19970202  1   15.36
 00760 0057 19980420  2   26.30
 00018 0058 19970104  1   14.96
 00645 0059 19970104  3   44.71
 00645 0059 19970930  1    6.49
 00645 0059 19971124  1   12.99
 00645 0059 19980319  1   36.99
 00703 0060 19970104  8  121.34
 00773 0061 19970104  4   56.27
 00773 0061 19970120  4   62.90
 00773 0061 19970120  1   15.36
 00773 0061 19970224  3   63.95
 00773 0061 19970224  1   24.99
 00773 0061 19970303  1   15.36
 00773 0061 19970729  1   31.03
 00773 0061 19971217  2   29.48
 00773 0061 19971218  1   28.49
 00773 0061 19971222  3   66.97
 00775 0062 19970104 10  186.67
 00789 0063 19970104  2   27.34
 00789 0063 19970427  3   43.13
 00789 0063 19980330  2   28.97
 00795 0064 19970104  1   13.97
 00816 0065 19970104  3   35.31
 00834 0066 19970104  2   21.98
 00836 0067 19970104  4   59.08
 00836 0067 19970126 10  144.08
 00836 0067 19970601  8  122.88
 00836 0067 19971112  8  140.42
 00857 0068 19970104  2   24.94
 00875 0069 19970104  1   16.99
 00881 0070 19970104  2   36.94
 00881 0070 19970111  1   11.77
 00881 0070 19970602  5   71.02
 00881 0070 19970728  3   45.09
 00881 0070 19980418  7  106.03
 00899 0071 19970104  2  145.47
 00913 0072 19970104  1   12.77
 00918 0073 19970104  4   51.87
 00918 0073 19970214  5   69.23
 00918 0073 19971207  1   15.49
 00936 0074 19970104  1   14.99
 00947 0075 19970104  6   53.46
 00947 0075 19970209  2   20.77
 00958 0076 19970104  8  117.10
 00974 0077 19970104  1   18.36
 00989 0078 19970105  1   14.96
 01012 0079 19970105  1   13.97
 01012 0079 19970307  1   13.77
 01012 0079 19970322  1   14.37
 01012 0079 19970503  3   32.51
 01014 0080 19970105  5   96.36
 01034 0081 19970105  2   33.96
 01035 0082 19970105  5   66.84
 01035 0082 19970226  3   42.09
 01050 0083 19970105  2   21.76
 01062 0084 19970105  1   14.96
 01080 0085 19970105  1   14.99
 01099 0086 19970105  1   14.96
 01099 0086 19970203  2   24.74
 01099 0086 19970205  1    8.00
 01099 0086 19970225  1   13.97
 01099 0086 19970227  1   27.77
 01099 0086 19970318  3   45.28
 01099 0086 19970624  4   58.68
 01099 0086 19970709  1   14.96
 01099 0086 19971230  1   17.49
 01099 0086 19980227  1   18.49
 01099 0086 19980323  1   10.49
 01099 0086 19980617  3   46.47
 01101 0087 19970105  1    0.00
 01108 0088 19970105  1   16.30
 01108 0088 19970105  1   13.99
 01108 0088 19970214  2   14.96
 01108 0088 19970305  2   11.58
 01108 0088 19970326  1    6.79
 01108 0088 19970413  1    6.79
 01108 0088 19970724  1   12.25
 01108 0088 19970804  2   20.74
 01108 0088 19970824  1   11.77
 01108 0088 19970824  1   12.25
 01108 0088 19970903  1   14.96
 01108 0088 19970909  1   12.99
 01108 0088 19970910  1   11.49
 01108 0088 19971007  1    5.49
 01108 0088 19971118  1    4.49
 01108 0088 19971118  1    5.49
 01108 0088 19980301  1    5.49
 01108 0088 19980306  1    2.99
 01131 0089 19970105  5   71.63
 01150 0090 19970105  1   37.97
 01158 0091 19970105  6   79.94
 01158 0091 19970826  1   14.99
 01167 0092 19970105  4   47.28
 01167 0092 19970111  4   60.84
 01167 0092 19970114  2   19.94
 01167 0092 19970122  2   24.74
 01167 0092 19970210  2   23.54
 01167 0092 19970518  6   99.19
 01167 0092 19970924  3   76.97
 01167 0092 19980418  5   62.79
 01174 0093 19970105  1   34.90
 01188 0094 19970105  3   43.09
 01209 0095 19970105  3   31.51
 01223 0096 19970105  3   56.51
 01240 0097 19970105  2   36.36
 01241 0098 19970105  1   11.77
 01241 0098 19970622  2   25.74
 01241 0098 19970816  3   41.10
 01241 0098 19971221  1   14.99
 01241 0098 19980128  3   38.97
 01251 0099 19970105  1    6.79
 01251 0099 19970115  1    4.79
 01251 0099 19970824  2   24.50
 01251 0099 19970911  4   35.96
 01251 0099 19970925  2   17.48
 01251 0099 19980117  3   32.47
 01251 0099 19980326  3   58.97
 01251 0099 19980505  3   21.09
 01252 0100 19970105  1   16.99
 01252 0100 19970621  2   26.22
 00441 0101 19970106  5   62.45
 00441 0101 19970213  1   12.49
 00441 0101 19970505  1    6.79
 00441 0101 19970526  1    6.79
 00441 0101 19970813  3   37.31
 00441 0101 19970916  2   23.98
 00441 0101 19971117  2   15.48
 00441 0101 19971120  1   14.49
 00441 0101 19971210  1   14.99
 00441 0101 19980603  2   24.48
 01115 0102 19970106  1   19.99
 01265 0103 19970106  4   34.74
 01280 0104 19970106  1   22.70
 01283 0105 19970106  6   79.21
 01283 0105 19970624  7   92.80
 01291 0106 19970106  3   52.30
 01291 0106 19970218  3   52.30
 01302 0107 19970106  6  125.82
 01317 0108 19970106  2   32.98
 01322 0109 19970106  2   27.13
 01322 0109 19970108  3   39.09
 01333 0110 19970106  3   42.49
 01333 0110 19971108  2   29.48
 01343 0111 19970106  1    9.97
 01343 0111 19970108  1   12.97
 01343 0111 19980604  1   12.58
 01350 0112 19970106  7  156.00
 01365 0113 19970106  1   11.77
 01377 0114 19970106  1   14.37
 01377 0114 19970624  1   24.99
 01380 0115 19970106  2   29.33
 01393 0116 19970106  1    8.77
 01393 0116 19970212  3   28.31
 01393 0116 19980102  4   58.46
 01393 0116 19980526  3   14.47
 01395 0117 19970106  1    8.77
 01420 0118 19970106  1   11.77
 01433 0119 19970106  1    9.98
 01446 0120 19970106  1   19.77
 01480 0121 19970106  1   15.96
 01480 0121 19970127  1   13.77
 01483 0122 19970106 11  163.52
 01504 0123 19970106  1   24.99
 01518 0124 19970106  1   14.96
 01528 0125 19970106  1   10.99
 01528 0125 19970225  3   36.71
 01528 0125 19980213  1    7.49
 00719 0126 19970107  2   34.98
 01463 0127 19970107  3   28.37
 01540 0128 19970107  1   10.77
 01544 0129 19970107  1    6.79
 01544 0129 19970109  2    9.58
 01544 0129 19970124  2   19.16
 01544 0129 19970213  1   13.97
 01544 0129 19970301  1   11.77
 01560 0130 19970107  1   12.77
 01560 0130 19970315  1   14.37
 01560 0130 19970619  2   28.74
 01560 0130 19970708  1   14.96
 01561 0131 19970107  4   49.87
 01561 0131 19971110  6   66.94
 01568 0132 19970107  1   27.99
 01568 0132 19970624  4   71.66
 01583 0133 19970107  1   13.70
 01583 0133 19970409  1   11.77
 01583 0133 19970725  1   15.96
 01583 0133 19980121  1    9.49
 01583 0133 19980305  1   11.49
 01583 0133 19980325  1   12.99
 01583 0133 19980603  1   12.58
 01583 0133 19980609  1    9.99
 01585 0134 19970107  1    8.77
 01585 0134 19980525  1   15.99
 01596 0135 19970107  2   35.36
 01596 0135 19970620  2   19.54
 01596 0135 19971208  4   44.96
 01596 0135 19980211  3   32.74
 01605 0136 19970107  2   44.98
 01605 0136 19970205  2   19.96
 01605 0136 19970228  1   26.99
 01618 0137 19970107  1   12.97
 01623 0138 19970107  1   14.99
 01623 0138 19970223  2   29.98
 01623 0138 19970505  5   73.62
 01623 0138 19971127  8  106.42
 01623 0138 19980319  3   30.40
 01623 0138 19980321  1    9.49
 01623 0138 19980505  7   97.95
 01627 0139 19970107  1   11.77
 01627 0139 19970122  2   29.33
 01631 0140 19970107  1   11.77
 01631 0140 19970427  2   23.54
 01640 0141 19970107  7   79.99
 01647 0142 19970107  2   59.98
 01647 0142 19970108  2   27.14
 01647 0142 19970109  4   51.66
 01647 0142 19970206  1   12.97
 01647 0142 19970207  2   26.14
 01647 0142 19970224  3   59.97
 01647 0142 19980108  1   13.99
 01647 0142 19980204  2   22.98
 01655 0143 19970107  2   26.73
 01655 0143 19970124  1   14.96
 01655 0143 19970726  1   15.36
 01661 0144 19970107  1  174.99
 01661 0144 19970121  2   45.35
 01661 0144 19970221  1   17.90
 01661 0144 19970228  1   15.70
 01661 0144 19970513  2   26.73
 01661 0144 19970729  1   31.03
 01661 0144 19970814  1   17.95
 01661 0144 19970903  1    5.78
 01661 0144 19971020  1   29.99
 01661 0144 19971021  1   11.49
 01661 0144 19971112  1   25.49
 01661 0144 19980212  1   14.49
 01661 0144 19980609  1   29.99
 01663 0145 19970107  1   14.96
 01663 0145 19970122  1   14.96
 01663 0145 19970914  1   22.99
 01664 0146 19970107  5   70.42
 01668 0147 19970107  1   13.97
 01668 0147 19970207  1   14.39
 01668 0147 19970515  2   41.95
 01668 0147 19970705  2   43.57
 01668 0147 19970731  1    9.77
 01668 0147 19970731  1    9.77
 01668 0147 19971211  1   14.99
 01669 0148 19970107  1    9.98
 01669 0148 19970117  3   44.32
 01669 0148 19970127  1   39.47
 01669 0148 19970305  2   73.98
 01669 0148 19970319  1    7.98
 01669 0148 19970324  1   12.77
 01669 0148 19970410  1   29.95
 01669 0148 19970805  3   30.54
 01669 0148 19970819  1   12.25
 01669 0148 19970819  1   17.70
 01669 0148 19970825  3   17.37
 01669 0148 19970826  2   26.73
 01669 0148 19970911  1   12.99
 01669 0148 19970917  8   43.92
 01669 0148 19970929  1   11.49
 01669 0148 19971006  2   24.48
 01669 0148 19971028  1   20.99
 01669 0148 19971209  2   27.98
 01669 0148 19980310  1   11.19
 01669 0148 19980310  2   25.98
 01669 0148 19980313  2   33.98
 01686 0149 19970107  1   13.97
 01686 0149 19971209  2   25.98
 01686 0149 19980130  2   28.48
 01686 0149 19980220  3   35.47
 01686 0149 19980419  1   21.22
 01686 0149 19980419  1   12.99
 01686 0149 19980428  1   15.99
 01696 0150 19970107  4   46.48
 01696 0150 19970122  3   35.31
 01696 0150 19970203  2   26.14
 01696 0150 19970731  2   28.93
 01696 0150 19970826  2   23.74
 01696 0150 19971114  2   22.48
 01696 0150 19971124  1   12.99
 01705 0151 19970107  1   11.77
 01705 0151 19970223  4   59.84
 01705 0151 19970714  1   14.79
 01705 0151 19970908  1   10.77
 01705 0151 19970911  1   14.37
 01712 0152 19970107  1   30.97
 01733 0153 19970107  1   11.77
 01739 0154 19970107  1   15.36
 01739 0154 19970127  1   16.70
 01753 0155 19970107  1    0.00
 01758 0156 19970107  1   11.77
 01758 0156 19970221  2   34.32
 01760 0157 19970107  1   11.99
 01760 0157 19970110  1    9.97
 01760 0157 19970114  1   13.97
 01760 0157 19970119  3   46.08
 01760 0157 19970122  1    5.99
 01760 0157 19970129  2   27.94
 01760 0157 19970203  2   23.98
 01760 0157 19970215  4   55.47
 01760 0157 19970314  1   14.99
 01760 0157 19970320  1   14.96
 01760 0157 19970402  1   14.96
 01760 0157 19970404  5   72.44
 01760 0157 19970408  2   27.94
 01760 0157 19970418  1   14.96
 01760 0157 19970418  1   11.97
 01760 0157 19970420  1   14.96
 01760 0157 19970504  1   12.77
 01760 0157 19970508  1   14.96
 01760 0157 19970515  1   12.77
 01760 0157 19970602  3   41.69
 01760 0157 19970627  2   29.92
 01760 0157 19970706  1   15.36
 01760 0157 19970722  1   15.96
 01760 0157 19970731  1   14.96
 01760 0157 19970803  1   14.96
 01760 0157 19970820  2   29.92
 01760 0157 19970906  1   15.36
 01760 0157 19970911  3   39.97
 01760 0157 19970916  2   25.98
 01760 0157 19970927  4   57.96
 01760 0157 19970928  4   48.46
 01760 0157 19971007  1   12.49
 01760 0157 19971025  2   25.98
 01760 0157 19971025  1   13.99
 01760 0157 19971102  1   12.99
 01760 0157 19971123  1   13.99
 01760 0157 19971125  2   29.98
 01760 0157 19971125  1    7.49
 01760 0157 19971217  1   12.99
 01760 0157 19971218  2   25.98
 01760 0157 19971224  1   12.99
 01760 0157 19980102  1   12.99
 01760 0157 19980127  1   14.99
 01760 0157 19980310  2   42.98
 01760 0157 19980412  1   11.88
 01760 0157 19980517  3   60.45
 01760 0157 19980611  4   37.96
 01783 0158 19970108  1   14.37
 01792 0159 19970108  2   30.36
 01792 0159 19970109  4   59.06
 01792 0159 19970128  3   50.97
 01792 0159 19970630  2   29.73
 01809 0160 19970108  2   31.54
 01825 0161 19970108  4   63.93
 01825 0161 19980609  1   14.49
 01828 0162 19970108  2   26.14
 01828 0162 19970122  3   46.28
 01839 0163 19970108  1   73.30
 01845 0164 19970108  1   17.70
 01845 0164 19970125 10  139.70
 01845 0164 19970325  6   78.22
 01845 0164 19970414  4   52.68
 01845 0164 19970624  3   40.70
 01845 0164 19970714  5   69.63
 01845 0164 19970715  2   26.74
 01845 0164 19970722  4   57.45
 01845 0164 19970825  6   72.82
 01845 0164 19970904  4   49.48
 01845 0164 19970924  3   36.97
 01845 0164 19971022  5   72.95
 01845 0164 19980106  2   24.48
 01845 0164 19980107  4  107.96
 01845 0164 19980205  2   29.06
 01845 0164 19980324  1    8.49
 01845 0164 19980406  2   26.48
 01858 0165 19970108  2   24.98
 01858 0165 19970108  2   28.74
 01877 0166 19970108  3   49.08
 01877 0166 19980129  4   51.96
 01890 0167 19970108  1   12.49
 01890 0167 19970205  4   49.96
 01890 0167 19970310  2   13.58
 01890 0167 19970315  1   12.79
 01890 0167 19970416  2   24.98
 01890 0167 19970514  7  100.93
 01890 0167 19970515  3   32.30
 01890 0167 19970516  2   11.58
 01890 0167 19970519  2   20.76
 01890 0167 19970520  3   28.81
 01890 0167 19970606  1    5.78
 01890 0167 19970624  1   12.25
 01890 0167 19970723  1    4.99
 01890 0167 19970724  1   12.25
 01890 0167 19971014  4   49.96
 01890 0167 19971020  1   11.49
 01890 0167 19971024  2   24.98
 01890 0167 19971107  4   35.96
 01890 0167 19971118  1   12.49
 01890 0167 19971120  3   47.97
 01890 0167 19971201  2   16.98
 01890 0167 19980102  2   53.48
 01890 0167 19980106  4   63.96
 01890 0167 19980111  5  105.95
 01890 0167 19980127  5   66.95
 01890 0167 19980209  2   24.98
 01890 0167 19980218  1   11.02
 01890 0167 19980320  1    5.99
 01890 0167 19980328  3   40.97
 01890 0167 19980513  3   41.97
 01894 0168 19970108  1   14.37
 01908 0169 19970108  2   25.77
 01919 0170 19970108  1   18.99
 01919 0170 19970927  1   14.49
 01919 0170 19971129  1   13.99
 01919 0170 19980411  1   14.49
 01928 0171 19970108  1   64.99
 01944 0172 19970108  1   51.37
 01956 0173 19970108  8   93.57
 01971 0174 19970108  1   18.36
 01985 0175 19970108  1    6.79
 01402 0176 19970109 10  166.30
 01763 0177 19970109  1   12.49
 01893 0178 19970109  5   63.29
 01893 0178 19970117  6   70.62
 01893 0178 19970328  2   38.93
 01893 0178 19970519  3   41.31
 01893 0178 19970629  1   11.77
 01893 0178 19970810  1   17.70
 01893 0178 19970827  2   30.72
 01893 0178 19971112  3   45.47
 01893 0178 19971127  2   25.98
 01893 0178 19980113  2   25.98
 01893 0178 19980116  2   25.98
 01893 0178 19980221  2   23.98
 01893 0178 19980228  2   25.98
 01893 0178 19980313  2   25.98
 01893 0178 19980507  1   15.49
 01991 0179 19970109  4   47.08
 01991 0179 19970203  3   29.97
 01991 0179 19970209  4   68.45
 01991 0179 19970302  2   55.96
 01991 0179 19970324  5   62.93
 01991 0179 19970416  3   40.70
 01991 0179 19970621  3   47.28
 01991 0179 19970713  2   31.76
 01991 0179 19970919  4   56.96
 01991 0179 19971123  1    9.99
 01991 0179 19971123  2   98.98
 01991 0179 19971130  1   39.49
 01991 0179 19971227  3   38.97
 01991 0179 19980119  5   70.47
 01991 0179 19980222  4   56.05
 01991 0179 19980407  3   43.36
 01991 0179 19980408  1   21.99
 02005 0180 19970109  1   17.96
 02030 0181 19970109  1   15.76
 02049 0182 19970109  1   12.97
 02053 0183 19970109  1   15.36
 02053 0183 19970213  1   15.76
 02053 0183 19971114  2   20.98
 02053 0183 19980421  2   16.98
 02053 0183 19980508  1   14.99
 02071 0184 19970109  1    8.77
 02072 0185 19970109  3   27.55
 02072 0185 19970111  2   27.94
 02072 0185 19970118  2   29.78
 02072 0185 19970223  1   14.96
 02072 0185 19970919  3   62.97
 02072 0185 19971105  2   10.98
 02072 0185 19980612  1   20.99
 02087 0186 19970109  1   14.96
 02099 0187 19970109  1   13.97
 02099 0187 19970207  1   13.77
 02099 0187 19970305  1    9.97
 02099 0187 19980220  1   12.49
 02102 0188 19970109  1    3.99
 02102 0188 19970320  2   23.76
 02102 0188 19970401  3   44.69
 02102 0188 19970606  3   45.51
 02102 0188 19971223  3   41.47
 02104 0189 19970109  4   51.86
 02104 0189 19970205  1   11.77
 02104 0189 19970217  2   29.13
 02104 0189 19970220  3   44.49
 02109 0190 19970109  1   28.99
 02127 0191 19970109  2   27.94
 02142 0192 19970109  2   30.54
 02161 0193 19970109  3   52.63
 02180 0194 19970109  1   16.99
 02194 0195 19970109  1   14.30
 02194 0195 19970210  1   22.97
 02194 0195 19970509  2   16.56
 02194 0195 19970527  2   48.94
 02194 0195 19970611  1   39.51
 02194 0195 19970616  1   10.77
 02194 0195 19970717  1   33.86
 02199 0196 19970109  3   36.75
 02202 0197 19970109  2   29.36
 02202 0197 19970120  2   27.13
 02217 0198 19970109  3   46.68
 02217 0198 19971102  1   29.49
 02235 0199 19970109  1   27.77
 00780 0200 19970110  3   47.73
 00780 0200 19970201  1   23.99
 00780 0200 19970420  3   58.97
 00780 0200 19980110  1   11.49
 02254 0201 19970110  2   21.54
 02272 0202 19970110  1   12.49
 02272 0202 19970204  2   25.26
 02272 0202 19970228  1   12.49
 02289 0203 19970110  1   16.70
 02289 0203 19970701  1   15.96
 02289 0203 19970815  1   27.77
 02294 0204 19970110  2   28.35
 02319 0205 19970110  1   10.77
 02331 0206 19970110  4   56.87
 02331 0206 19970516  1   14.96
 02336 0207 19970110  1   12.99
 02361 0208 19970110  4   82.96
 02361 0208 19970112  2   34.27
 02363 0209 19970110  1   14.37
 02379 0210 19970110  3   59.97
 02389 0211 19970110  3   35.31
 02389 0211 19970211  3   61.11
 02389 0211 19970223  5  141.60
 02389 0211 19970314  3   37.51
 02389 0211 19970322  6   80.21
 02389 0211 19970411  5   68.05
 02389 0211 19970502  5   62.25
 02389 0211 19970515  4   51.94
 02389 0211 19971113  5   92.95
 02389 0211 19971125  2   24.48
 02389 0211 19971203  1   21.49
 02389 0211 19971230  2   30.98
 02389 0211 19980323  2   41.48
 02389 0211 19980627  3   61.47
 02398 0212 19970110  1   31.98
 02419 0213 19970110  1   13.97
 02419 0213 19980614  6   81.44
 02442 0214 19970110  1   14.96
 02445 0215 19970110  1   19.99
 02445 0215 19970727  1   14.96
 02445 0215 19970801  1   13.97
 02445 0215 19971208  2   24.48
 02455 0216 19970110  1   14.96
 02455 0216 19980328  2   24.98
 02457 0217 19970110  1   13.97
 02457 0217 19970128  2   25.74
 02457 0217 19970226  3   37.90
 02457 0217 19970614  3   44.29
 02457 0217 19970629  3   41.10
 02457 0217 19980418  2   25.98
 00208 0218 19970111  5   63.25
 00208 0218 19980221  5   70.38
 02181 0219 19970111  3   41.75
 02181 0219 19970425  1   14.99
 02471 0220 19970111  1   21.99
 02471 0220 19970722  2   21.74
 02478 0221 19970111  1   21.77
 02492 0222 19970111  1   11.77
 02508 0223 19970111  5   69.29
 02521 0224 19970111  1   11.77
 02537 0225 19970111  2   24.54
 02541 0226 19970111  1   11.77
 02541 0226 19970208  1   15.70
 02541 0226 19970401  1   24.99
 02556 0227 19970111  1    0.00
 02563 0228 19970111  1   22.97
 02563 0228 19970125  1   13.97
 02568 0229 19970111  2   22.74
 02568 0229 19970124  1    9.77
 02578 0230 19970111  1   12.49
 02578 0230 19970827  5   50.52
 02578 0230 19970830  1    6.78
 02578 0230 19980528  1   23.99
 02591 0231 19970111  4   58.28
 02591 0231 19971119  1   22.49
 02591 0231 19980512  5   72.04
 02597 0232 19970111  1   17.36
 02597 0232 19970601  2   29.73
 02597 0232 19970618  2   26.14
 02597 0232 19970924  1   10.99
 02597 0232 19971120  1   76.99
 02597 0232 19980516  2   18.64
 02597 0232 19980531  2   26.57
 02597 0232 19980622  3   38.47
 02610 0233 19970111  2   29.92
 02625 0234 19970111  3   35.31
 02645 0235 19970111  1   11.77
 02665 0236 19970111  1    5.78
 02681 0237 19970111  1   15.96
 02697 0238 19970111  1   16.70
 02709 0239 19970111  1   14.37
 02725 0240 19970111  5   58.85
 02745 0241 19970111  1   22.70
 02745 0241 19971007  1   11.99
 02745 0241 19971016  1   14.49
 02745 0241 19971120  1   19.99
 02745 0241 19971205  1   21.49
 02745 0241 19980211  2   24.98
 02753 0242 19970111  1   14.37
 02753 0242 19970301  1   14.96
 02753 0242 19970313  1   13.97
 02753 0242 19970711  3   37.51
 02753 0242 19970819  2   29.92
 02753 0242 19980321  1   27.99
 02509 0243 19970112  7   94.40
 02509 0243 19970311  4   55.28
 02509 0243 19980210  7   95.43
 02509 0243 19980307 12  187.68
 02509 0243 19980310  2   27.98
 02509 0243 19980322  4   50.35
 02761 0244 19970112  1   15.96
 02761 0244 19970120  3   45.88
 02761 0244 19970120  6  192.90
 02761 0244 19970203  7  164.93
 02761 0244 19970209  4  142.96
 02761 0244 19970214  6  308.22
 02761 0244 19970217  8  119.43
 02765 0245 19970112  1   10.77
 02786 0246 19970112  5   78.20
 02790 0247 19970112  2   29.58
 02790 0247 19970208  3   40.90
 02790 0247 19970629  2   31.32
 02803 0248 19970112  1   19.99
 02813 0249 19970112  2   26.73
 02813 0249 19970125  2   30.32
 02820 0250 19970112  2   31.78
 02820 0250 19970519  2   27.73
 02820 0250 19970604  2   26.14
 02820 0250 19971008  2   27.98
 02821 0251 19970112  1   14.96
 02845 0252 19970112  2   27.13
 02855 0253 19970112  1   13.97
 02855 0253 19970824  1   16.36
 02855 0253 19980406  1   12.99
 02863 0254 19970112  1    4.99
 02871 0255 19970112  4   59.85
 02871 0255 19970115  1   11.77
 02871 0255 19971103  3   38.47
 02871 0255 19971112 13  195.37
 02888 0256 19970112  1   11.77
 02903 0257 19970112  2   23.54
 02903 0257 19970317  1   37.30
 02903 0257 19970323  1   14.37
 02903 0257 19970404  4   53.48
 02903 0257 19970423  1   14.37
 02903 0257 19970505  3   41.10
 02903 0257 19980124  2   24.48
 02904 0258 19970112  2   59.54
 02920 0259 19970112  1   16.70
 02932 0260 19970112  3   46.47
 02932 0260 19970222  3   38.77
 02958 0261 19970112  1   12.49
 02958 0261 19970602  3   62.97
 02958 0261 19970731  3   42.90
 02961 0262 19970112  2   26.14
 02965 0263 19970112  2   28.74
 02965 0263 19970927  5   64.45
 02965 0263 19980225  4   93.46
 02983 0264 19970112  5   47.48
 03005 0265 19970112 12  166.75
 03008 0266 19970112  1   11.77
 03008 0266 19970113  1   11.77
 03011 0267 19970112  1    9.98
 03011 0267 19970901  1    9.77
 03011 0267 19970901  1   14.96
 03011 0267 19970918  1   17.99
 03011 0267 19980322  2   29.48
 03021 0268 19970112  3   44.88
 03021 0268 19970221  6   90.83
 00858 0269 19970113  2   26.73
 02224 0270 19970113  5   99.83
 02224 0270 19970127  3   79.72
 02274 0271 19970113  3   43.53
 02390 0272 19970113  1   26.99
 02390 0272 19970209  3   41.82
 02390 0272 19971021  1   12.49
 02574 0273 19970113  1   14.37
 03001 0274 19970113  1   15.90
 03001 0274 19970330  1   14.90
 03001 0274 19970612  1   14.99
 03001 0274 19970702  2   31.60
 03016 0275 19970113  2   21.54
 03016 0275 19970908  2   25.74
 03016 0275 19971016  2   31.98
 03016 0275 19971105  3   29.47
 03016 0275 19971121  1    7.49
 03028 0276 19970113  2   23.49
 03028 0276 19970118  1   11.77
 03028 0276 19970125  1    5.78
 03028 0276 19970315  3   50.71
 03028 0276 19970321  1    9.77
 03028 0276 19970329  1   13.97
 03028 0276 19970401  1   14.37
 03028 0276 19970518  1   13.77
 03028 0276 19970617  2   24.02
 03028 0276 19970621  1    6.79
 03028 0276 19970716  1   13.97
 03028 0276 19970730  1   11.77
 03028 0276 19970730  1   12.25
 03028 0276 19970812  1   12.77
 03028 0276 19970812  1   14.79
 03028 0276 19970816  1   11.77
 03028 0276 19980114  1    5.99
 03030 0277 19970113  1   31.97
 03047 0278 19970113  1   15.36
 03060 0279 19970113  1   14.79
 03076 0280 19970113  1   18.36
 03087 0281 19970113  1   14.37
 03099 0282 19970113  4   59.66
 03099 0282 19970522 10  151.98
 03099 0282 19970528  4   48.28
 03099 0282 19970529  5   62.04
 03102 0283 19970113  1   17.76
 03102 0283 19970209  2   28.73
 03102 0283 19970820  1   15.76
 03102 0283 19970831  1   14.37
 03106 0284 19970113  3   33.38
 03106 0284 19970203  2   36.67
 03112 0285 19970113  3   40.11
 03134 0286 19970113  1    0.00
 03157 0287 19970113  2  179.98
 03157 0287 19970305  2   30.33
 03157 0287 19970819  1   19.55
 03157 0287 19970822  2   52.03
 03157 0287 19971015  1   17.49
 03157 0287 19971019  1    8.99
 03157 0287 19971019  1   19.49
 03157 0287 19980115  1   12.49
 03157 0287 19980224  2   36.48
 03157 0287 19980327  2   38.98
 03158 0288 19970113  2   30.72
 03163 0289 19970113  1   44.30
 03163 0289 19970117  1   36.99
 03163 0289 19970313  1   15.99
 03163 0289 19970923  2   59.98
 03163 0289 19970924  1   11.99
 03163 0289 19970924  1   12.99
 03163 0289 19970925  2   46.98
 03163 0289 19971027  1   13.99
 03163 0289 19971027  1   13.99
 03163 0289 19971124  2   24.98
 03163 0289 19980106  1   11.99
 03163 0289 19980304  1   22.49
 03163 0289 19980304  2   25.16
 03163 0289 19980309  1   22.49
 03163 0289 19980325  1   12.99
 03171 0290 19970113  2   26.94
 03182 0291 19970113  5   69.22
 03182 0291 19970210  4   58.68
 03182 0291 19970918  5   71.45
 03183 0292 19970113  1   15.36
 03183 0292 19970116  2   20.75
 03199 0293 19970113  2   29.73
 03238 0294 19970113  1   15.36
 03238 0294 19970118  1   18.99
 03238 0294 19971023  2   44.48
 03238 0294 19980301  2   42.48
 03238 0294 19980301  1   59.49
 03242 0295 19970113  1   20.99
 03262 0296 19970113  1   12.77
 01417 0297 19970114  3   35.31
 01417 0297 19970501  6   76.41
 01417 0297 19971213 22  282.78
 01417 0297 19971213  6   76.94
 02092 0298 19970114  5   53.25
 02092 0298 19970122  1   12.97
 02092 0298 19971129  9   61.41
 02092 0298 19980109  4   35.96
 02092 0298 19980222  6   32.94
 02939 0299 19970114  2   19.28
 03219 0300 19970114  8  126.90
 03287 0301 19970114  2   38.13
 03298 0302 19970114  3   69.97
 03298 0302 19970222  1   12.77
 03298 0302 19970624  2   26.49
 03298 0302 19970912  1   20.99
 03299 0303 19970114  1    5.99
 03299 0303 19970925  2   31.48
 03311 0304 19970114  1   15.36
 03311 0304 19970519  3   69.84
 03311 0304 19980613  2   23.76
 03312 0305 19970114  1   23.99
 03318 0306 19970114  1   14.37
 03318 0306 19970207  1   14.37
 03318 0306 19980321  1   11.49
 03333 0307 19970114  1   13.97
 03353 0308 19970114  1   15.36
 03374 0309 19970114  1   11.77
 03376 0310 19970114  6   84.94
 03376 0310 19970131  1   14.99
 03376 0310 19970202  5   74.95
 03376 0310 19970212  4   59.96
 03376 0310 19970213  2   29.98
 03376 0310 19970213  1   15.36
 03388 0311 19970114  1   14.37
 03400 0312 19970114  4   57.10
 03400 0312 19970517  2   28.73
 03400 0312 19970913  2   22.48
 03400 0312 19971109  7   51.43
 03400 0312 19980215  4   42.46
 03400 0312 19980511  6   64.44
 03403 0313 19970114  3   51.15
 03415 0314 19970114  3   48.51
 03415 0314 19970115  1   50.97
 03415 0314 19970626  6   92.17
 03415 0314 19970727 12  137.05
 03415 0314 19980309 18  222.30
 03425 0315 19970114  1   14.70
 03444 0316 19970114  2   28.74
 03451 0317 19970114  2   29.58
 03451 0317 19970602  2   29.75
 03451 0317 19971007  1   12.99
 03467 0318 19970114  4   52.27
 03469 0319 19970114  1   12.49
 03469 0319 19970510  2   48.94
 03469 0319 19971130  3   42.97
 03469 0319 19971208  1   12.49
 03487 0320 19970114  1   15.36
 03487 0320 19980630  1   11.88
 03497 0321 19970114  1   10.77
 03497 0321 19970421  4   53.27
 03497 0321 19970826  5   68.22
 03497 0321 19980509  1   12.58
 03322 0322 19970115  3   57.51
 03341 0323 19970115  2   53.54
 03341 0323 19970318  1   41.77
 03496 0324 19970115  1    6.79
 03496 0324 19970116  1    7.98
 03496 0324 19970121  1   10.77
 03496 0324 19970203  2   28.93
 03496 0324 19980118  4   53.96
 03496 0324 19980304  5   55.45
 03496 0324 19980325  2   25.98
 03496 0324 19980407  1   12.99
 03496 0324 19980407  2   25.48
 03496 0324 19980412  3   50.25
 03496 0324 19980428  1   56.99
 03496 0324 19980621  2   30.98
 03501 0325 19970115  1   12.49
 03501 0325 19970129  3   36.28
 03501 0325 19970130  3   35.55
 03501 0325 19970210  2   30.32
 03501 0325 19970210  6   50.14
 03501 0325 19970213  2   28.74
 03501 0325 19970222  5   40.05
 03501 0325 19970301  1   12.77
 03501 0325 19970307  3   24.47
 03501 0325 19970313  3   28.54
 03501 0325 19970316  2   24.98
 03501 0325 19970319  2   33.00
 03501 0325 19970319  2   45.98
 03501 0325 19970327  2   24.98
 03501 0325 19970328  1   29.99
 03501 0325 19970408  1   26.99
 03501 0325 19970410  1   14.96
 03501 0325 19970410  1   19.99
 03501 0325 19970411  1   11.77
 03501 0325 19970427  2   21.54
 03501 0325 19970427  1   29.99
 03501 0325 19970428  1   12.49
 03501 0325 19970429  3   20.37
 03501 0325 19970430  2   24.98
 03501 0325 19970430  1    6.99
 03501 0325 19970501  1   27.97
 03501 0325 19970519  6   83.94
 03501 0325 19970525  4   50.97
 03501 0325 19970528  3   20.37
 03501 0325 19970620  3   44.29
 03501 0325 19970620  3   40.97
 03501 0325 19970725  2   25.98
 03501 0325 19980105  4   41.96
 03501 0325 19980105  2   24.98
 03501 0325 19980427  1   12.99
 03510 0326 19970115  1   23.99
 03525 0327 19970115  1   19.97
 03545 0328 19970115  1   12.70
 03556 0329 19970115  2   39.96
 03558 0330 19970115  9  119.76
 03558 0330 19970120  7   92.79
 03558 0330 19970130  3   36.50
 03558 0330 19970208  7   94.57
 03558 0330 19970319  1   13.97
 03558 0330 19970622  4   59.28
 03558 0330 19971012  1   24.49
 03571 0331 19970115  1   14.70
 03584 0332 19970115  5   64.23
 03584 0332 19970120  1   11.77
 03584 0332 19970424  1    9.98
 03587 0333 19970115  1   14.96
 03601 0334 19970115  1   15.36
 03612 0335 19970115  2   26.14
 03614 0336 19970115  4   49.28
 03614 0336 19970123  1   13.97
 03614 0336 19970205  6   66.22
 03614 0336 19970207  3   48.90
 03614 0336 19970207  4   49.28
 03614 0336 19970910  2   36.48
 03614 0336 19970924  1   10.49
 03614 0336 19971126 10  113.90
 03614 0336 19971215  2   20.98
 03629 0337 19970115  1   11.99
 03656 0338 19970115  1   11.77
 03656 0338 19980401  1    9.49
 03656 0338 19980414  1   13.99
 03656 0338 19980515  1   11.49
 03656 0338 19980515  1   12.99
 03660 0339 19970115  1    8.77
 03660 0339 19970621  1    9.77
 03660 0339 19980319  1   14.42
 03674 0340 19970115  2   30.13
 03690 0341 19970115  1   19.99
 03704 0342 19970115  1   27.99
 03726 0343 19970115  2   29.98
 03669 0344 19970116  3   39.70
 03669 0344 19970315  1   15.70
 03669 0344 19970623  1   15.70
 03669 0344 19971121  1   22.49
 03755 0345 19970116  2   21.98
 03775 0346 19970116  4   39.30
 03794 0347 19970116  1   15.36
 03805 0348 19970116  1    6.79
 03805 0348 19970623  1    4.79
 03809 0349 19970116  1   17.90
 03819 0350 19970116  7  128.36
 03819 0350 19970215  9  130.09
 03819 0350 19970623  2   27.94
 03820 0351 19970116  2   29.33
 03820 0351 19970324  1   12.77
 03824 0352 19970116  1    7.98
 03838 0353 19970116  2   11.56
 03853 0354 19970116  1   41.90
 03876 0355 19970116  3   44.12
 03891 0356 19970116  1    9.99
 03902 0357 19970116  3   46.68
 03902 0357 19970203 18  242.98
 03911 0358 19970116  1   23.99
 03911 0358 19970306  4   58.46
 03911 0358 19970701  1   13.97
 03912 0359 19970116  1   15.36
 03926 0360 19970116  1   17.36
 03944 0361 19970116  1   19.99
 03955 0362 19970116  1    7.78
 03965 0363 19970116  1   24.99
 03965 0363 19970221  1    9.77
 03965 0363 19970331  1    9.77
 03970 0364 19970116  4   47.48
 03970 0364 19970129  2   19.74
 03970 0364 19970311  4   58.06
 03970 0364 19970410  3   63.31
 03970 0364 19970805  2   26.14
 03970 0364 19971001  3   38.97
 03975 0365 19970116  1   15.96
 00584 0366 19970117  1   11.77
 03138 0367 19970117  1   13.97
 03138 0367 19970409  9  176.45
 03138 0367 19971031  4   40.46
 03138 0367 19980507  8  125.92
 03993 0368 19970117  1   15.99
 03993 0368 19970403  1   30.99
 03993 0368 19970426  1    4.79
 03993 0368 19970519  2   43.48
 03993 0368 19971120  1   33.99
 03993 0368 19980218  3   31.97
 03997 0369 19970117  1   18.77
 04005 0370 19970117  1   14.37
 04005 0370 19970426  2   24.74
 04005 0370 19980309  2   21.48
 04019 0371 19970117  1    6.78
 04019 0371 19980324  2   23.48
 04037 0372 19970117  1   14.37
 04053 0373 19970117  1   11.77
 04070 0374 19970117  1   14.37
 04087 0375 19970117  1   12.97
 04090 0376 19970117  1   14.96
 04090 0376 19970117  1   14.37
 04090 0376 19970226  1   13.77
 04090 0376 19980204  2   29.48
 04090 0376 19980327  1   21.99
 04096 0377 19970117  3   27.55
 04096 0377 19970331  1   13.97
 04101 0378 19970117  1    8.79
 04101 0378 19970620  1   16.70
 04105 0379 19970117  1   15.36
 04141 0380 19970117  1   20.00
 04160 0381 19970117  1   14.99
 04165 0382 19970117  2   34.66
 04165 0382 19970123  1   17.30
 04165 0382 19970325  1   14.96
 04165 0382 19970501  2   28.34
 04165 0382 19970523  5   73.02
 04165 0382 19970701  3   45.43
 04165 0382 19970712  4   59.25
 04165 0382 19970726  1   14.96
 04165 0382 19970816  5   72.03
 04165 0382 19970901  1   13.97
 04165 0382 19970910  1   12.99
 04165 0382 19970929  3   55.97
 04165 0382 19971117  1   11.49
 04165 0382 19971118  1   11.49
 04165 0382 19971208  3   28.97
 04165 0382 19971211  1   11.49
 04165 0382 19980102  3   33.47
 04165 0382 19980226  1   17.49
 04165 0382 19980415  1   12.99
 04165 0382 19980519  1   13.99
 04165 0382 19980529  1   26.99
 04165 0382 19980625  1   12.99
 04179 0383 19970117  1   13.97
 04198 0384 19970117  3   43.69
 04203 0385 19970117  4   19.76
 04203 0385 19970117  1    6.79
 04203 0385 19970127  1   12.49
 04203 0385 19970201  3   41.68
 04203 0385 19970419  1   12.77
 04203 0385 19970823  2   24.49
 04203 0385 19971019  3   61.97
 04203 0385 19971205  2   29.48
 04203 0385 19980124  1   12.49
 04214 0386 19970117  1   14.37
 04231 0387 19970117  2   30.73
 01750 0388 19970118  1   20.97
 01750 0388 19970505  7  100.59
 02046 0389 19970118  2   17.88
 02046 0389 19970224  1   14.79
 02046 0389 19970330  1   29.37
 02046 0389 19971218  2   27.98
 02839 0390 19970118  1   14.37
 04124 0391 19970118  2   42.73
 04253 0392 19970118  1   15.36
 04285 0393 19970118  1   15.36
 04287 0394 19970118  1   15.36
 04287 0394 19970718 12  189.64
 04288 0395 19970118  2   24.14
 04288 0395 19970118  1   25.77
 04288 0395 19970218  2   23.54
 04309 0396 19970118  3   33.31
 04309 0396 19971215  3   38.97
 04316 0397 19970118  1   25.77
 04316 0397 19970221  1   16.96
 04316 0397 19970419  1   14.37
 04316 0397 19970616  1   11.77
 04322 0398 19970118  2   34.98
 04322 0398 19970315  1   29.99
 04330 0399 19970118  2   19.54
 04349 0400 19970118  2   23.54
 04374 0401 19970118  1    6.79
 04374 0401 19970605  2   24.02
 04374 0401 19970620  1   12.25
 04379 0402 19970118  2   20.75
 04383 0403 19970118  1   14.99
 04383 0403 19970513  1   46.37
 04383 0403 19970525  6   84.19
 04383 0403 19970626  1   25.97
 04383 0403 19970714  1   25.77
 04383 0403 19970715  5   64.43
 04383 0403 19970728  2   33.96
 04383 0403 19970820  1   19.99
 04383 0403 19970824  3   57.71
 04383 0403 19971206  6   93.94
 04383 0403 19980106  1   24.49
 04383 0403 19980228  2   24.87
 04383 0403 19980422  5   61.34
 04392 0404 19970118  1   20.97
 04392 0404 19970302  1   15.38
 04392 0404 19980212  2   18.98
 04407 0405 19970118  1   11.77
 04408 0406 19970118  2   32.74
 04408 0406 19970206  4   56.66
 04408 0406 19970509  1   11.77
 04424 0407 19970118  2   28.93
 04424 0407 19970829  1   14.96
 04424 0407 19980611  2   23.76
 04427 0408 19970118  3   44.29
 04446 0409 19970118  6   55.04
 04461 0410 19970118  3   41.25
 04461 0410 19970619  2   28.34
 04461 0410 19971118  1   12.49
 04461 0410 19980405  2   24.48
 04461 0410 19980519  2   23.98
 04465 0411 19970118  4   56.66
 04474 0412 19970118  6   97.22
 04474 0412 19970122  1   15.36
 04474 0412 19970211  1   15.36
 04474 0412 19971230 18  271.82
 04474 0412 19980102  2   31.98
 04486 0413 19970118  2   73.13
 04504 0414 19970118  2   34.72
 04504 0414 19971114  2   19.98
 00167 0415 19970119  2   30.32
 00167 0415 19970121  1   13.77
 00167 0415 19970308  1   14.96
 00167 0415 19970614  2   24.95
 00167 0415 19971011  1   12.99
 00167 0415 19971030  1   59.49
 00167 0415 19971123  1   11.49
 00167 0415 19971210  1   18.49
 01727 0416 19970119  3   35.31
 04269 0417 19970119  1   10.77
 04525 0418 19970119  2   26.74
 04544 0419 19970119  1   11.77
 04544 0419 19980302  1   29.49
 04564 0420 19970119  2   39.36
 04564 0420 19971202  2   30.98
 04581 0421 19970119  1   16.90
 04589 0422 19970119  2   27.13
 04589 0422 19970226  4   59.83
 04589 0422 19970416  3   45.11
 04589 0422 19971206  4   41.46
 04593 0423 19970119  6   82.41
 04593 0423 19970218  1   11.77
 04593 0423 19970606  1   14.96
 04601 0424 19970119  2   23.54
 04601 0424 19980203  1   11.88
 04601 0424 19980308  2   24.87
 04601 0424 19980308  1   11.99
 04601 0424 19980420  2   29.98
 04601 0424 19980506  3   43.97
 04616 0425 19970119  1   12.49
 04630 0426 19970119  3   36.73
 04644 0427 19970119  1   21.37
 04644 0427 19970219  2   29.33
 04649 0428 19970119  1   12.49
 04649 0428 19970621  3   38.33
 04649 0428 19970817  1   11.77
 04649 0428 19971031  1   13.99
 04649 0428 19980410  1   72.99
 04649 0428 19980501  1   72.99
 04649 0428 19980607  3   42.47
 04653 0429 19970119  1   15.36
 04669 0430 19970119  1   15.36
 04687 0431 19970119  2   31.72
 04687 0431 19971020  3   49.47
 04701 0432 19970119  1   11.77
 04717 0433 19970119  4   49.87
 04718 0434 19970119  3   37.51
 04718 0434 19970319  2   25.74
 04718 0434 19980429  3   58.74
 04732 0435 19970119  1    9.77
 04749 0436 19970119  2   39.98
 04768 0437 19970119  4   58.89
 04791 0438 19970119  2   31.52
 04794 0439 19970119  1   15.99
 04794 0439 19970526  2   34.14
 04797 0440 19970119  5   84.02
 04797 0440 19970307  6   88.60
 04797 0440 19970721  7  106.55
 04805 0441 19970119  2   25.74
 04805 0441 19970216  1   13.97
 04805 0441 19970715  1   13.97
 04805 0441 19970717  1   12.97
 04805 0441 19970725  1   14.79
 04805 0441 19971205  4   57.96
 04805 0441 19971220  1   13.99
 04805 0441 19971231  4   53.96
 04805 0441 19980317  1   13.49
 04805 0441 19980414  1   12.99
 04805 0441 19980612  3   44.47
 04807 0442 19970119  1   13.97
 04822 0443 19970119  3   65.97
 03089 0444 19970120  2   29.92
 03089 0444 19970127  2   29.98
 03089 0444 19970211  2   29.98
 03089 0444 19980213  1   12.99
 04365 0445 19970120  2   18.56
 04836 0446 19970120  1   22.99
 04836 0446 19970314  2   24.48
 04836 0446 19970422  1   13.97
 04836 0446 19970526  1   23.88
 04836 0446 19970616  2   24.49
 04836 0446 19970723  2   23.54
 04836 0446 19970729  2   28.73
 04836 0446 19980604  1   11.88
 04842 0447 19970120  1   14.99
 04854 0448 19970120  1   18.36
 04854 0448 19970204  3   44.97
 04868 0449 19970120  1   14.96
 04870 0450 19970120  4   71.69
 04870 0450 19970316  2   27.33
 04873 0451 19970120 13  150.21
 04873 0451 19970323  7   83.39
 04873 0451 19971011  3   52.97
 04875 0452 19970120  2   25.74
 04875 0452 19970519  1   11.77
 04880 0453 19970120  5   72.25
 04880 0453 19970122  1   35.37
 04880 0453 19970407  2   27.14
 04890 0454 19970120  2   30.72
 04890 0454 19970729  1   14.37
 04892 0455 19970120  2   29.92
 04894 0456 19970120  1   17.76
 04894 0456 19970206  1   11.77
 04894 0456 19970328  5   77.48
 04894 0456 19970428  6   80.41
 04894 0456 19970505  3   34.50
 04894 0456 19970718  1   14.37
 04894 0456 19970718  2   29.58
 04894 0456 19970804  6  107.60
 04894 0456 19970804  4   60.05
 04894 0456 19970806  4   52.46
 04894 0456 19971107  2   26.98
 04894 0456 19971118  3   59.97
 04894 0456 19971215  1   13.99
 04894 0456 19980319  9  117.37
 04907 0457 19970120  1   19.99
 04907 0457 19970209  1    9.98
 04907 0457 19970217  1   12.77
 04907 0457 19970424  2   25.48
 04907 0457 19970506  2   27.85
 04911 0458 19970120  2   23.73
 04930 0459 19970120  5   76.23
 04947 0460 19970120  3   43.89
 04951 0461 19970120  1   15.99
 04951 0461 19970319  1   34.77
 04951 0461 19970321  1   22.77
 04951 0461 19970408  2   23.74
 04951 0461 19970429  1   15.36
 04951 0461 19970430  1   12.97
 04951 0461 19970613  1   14.37
 04951 0461 19970717  1   25.77
 04951 0461 19980125  2   21.98
 04951 0461 19980310  1   29.49
 04951 0461 19980504  1   14.99
 04951 0461 19980604  1   14.49
 04963 0462 19970120  4   59.25
 04972 0463 19970120  2   29.33
 04972 0463 19970321  4   58.07
 04982 0464 19970120  2   22.94
 04982 0464 19970519  3   38.71
 04982 0464 19971002  6   61.44
 04982 0464 19971230  3   30.47
 04987 0465 19970120  2   23.96
 05000 0466 19970120  2   29.73
 05000 0466 19970427  3   43.30
 05000 0466 19970630  1   21.77
 05000 0466 19980531  4   62.46
 05006 0467 19970120  3   16.31
 05006 0467 19970829  3   51.50
 05008 0468 19970120  3   41.91
 05008 0468 19971013  3   19.97
 05010 0469 19970120  2   25.74
 05010 0469 19970130  1   12.77
 05010 0469 19970714  1   14.96
 05010 0469 19970724  2   28.93
 05010 0469 19970821  2   29.92
 05010 0469 19971013  1   12.99
 05010 0469 19971118  1   12.49
 05031 0470 19970120  4   51.48
 05031 0470 19980519  5   54.84
 05038 0471 19970120  1   14.37
 05038 0471 19970206  1   14.79
 05038 0471 19971206  4   51.96
 05048 0472 19970120  3   40.73
 05066 0473 19970120  1    9.98
 05072 0474 19970120  2   26.76
 05072 0474 19970608  1   11.77
 05072 0474 19970913  2   28.48
 05072 0474 19980419  4   48.55
 05089 0475 19970120  2   30.86
 05105 0476 19970120  3   34.31
 05108 0477 19970120  4   56.87
 05108 0477 19970122  3   31.31
 05108 0477 19970913  2   25.98
 05108 0477 19970927  2   46.98
 05108 0477 19970929  1   14.49
 05108 0477 19971228  1   10.49
 05108 0477 19980301  1   19.99
 05130 0478 19970120  1   19.99
 05130 0478 19971013  1    5.49
 05130 0478 19971025  1   15.49
 03743 0479 19970121  1   10.97
 05135 0480 19970121  4   49.44
 05135 0480 19970417  7   55.79
 05135 0480 19970619  5   58.10
 05135 0480 19980104  4   34.46
 05135 0480 19980302  6   56.94
 05137 0481 19970121  2   27.54
 05137 0481 19970621  6   89.48
 05137 0481 19980401  7  128.13
 05151 0482 19970121  1   14.96
 05156 0483 19970121  1   11.99
 05156 0483 19970322  1   11.97
 05176 0484 19970121  1   13.97
 05192 0485 19970121  3   31.51
 05192 0485 19970124  3   44.51
 05192 0485 19970128  1   11.77
 05192 0485 19970205  1   11.77
 05192 0485 19970205  1   14.37
 05192 0485 19970205  1    9.97
 05192 0485 19970224  7   81.41
 05192 0485 19970318  3   40.11
 05192 0485 19970324  3   40.71
 05192 0485 19970428  5   59.85
 05192 0485 19970521  5   65.63
 05192 0485 19970527  5   74.77
 05192 0485 19970623  5   62.04
 05192 0485 19970910  3   33.47
 05194 0486 19970121  1   13.97
 05206 0487 19970121  4   65.32
 05206 0487 19970121  1   14.79
 05206 0487 19970207  1   14.79
 05206 0487 19970225  2   28.76
 05206 0487 19970302  2   33.48
 05206 0487 19970325  3   47.12
 05215 0488 19970121  1   21.99
 05238 0489 19970121  1    9.98
 05259 0490 19970121  2   37.48
 05259 0490 19971024  7  102.93
 05265 0491 19970121  2   26.13
 05265 0491 19970131  1   23.99
 05265 0491 19970208  2   34.00
 05265 0491 19970324  3   42.93
 05265 0491 19970523  2   30.37
 05265 0491 19980114  1   14.49
 05265 0491 19980309  1   11.99
 05265 0491 19980323  1   15.49
 05281 0492 19970121  1   14.37
 05281 0492 19980321  2   18.98
 05285 0493 19970121  1   11.97
 05285 0493 19970220  2   26.13
 05285 0493 19970618  3   44.09
 05285 0493 19970822  2   25.74
 05285 0493 19971206  2   26.98
 05297 0494 19970121  1   12.49
 05302 0495 19970121  1   12.97
 05302 0495 19970930  1   11.49
 05302 0495 19971223  1    7.49
 05309 0496 19970121  2   30.72
 05309 0496 19970205  1   15.36
 05316 0497 19970121  2   41.98
 05330 0498 19970121  4   60.64
 05336 0499 19970121  3   38.03
 05336 0499 19970313  2   28.93
 05336 0499 19970424  3   42.90
 05336 0499 19970622  2   26.14
 05336 0499 19970624  3   41.91
 05336 0499 19970705  5   68.60
 05336 0499 19970726  4   55.07
 05336 0499 19971107  3   41.47
 05336 0499 19980103  2   20.98
 05336 0499 19980202  3   42.06
 05336 0499 19980627  3   39.97
 05350 0500 19970121  2   29.92
 05350 0500 19970208  3   39.73
 05350 0500 19970220  2   25.93
 05350 0500 19970301  3   42.90
 05353 0501 19970121  3   74.97
 05369 0502 19970121  1   14.96
 05390 0503 19970121  2   39.98
 03438 0504 19970122  2   37.98
 03774 0505 19970122  6   83.00
 03774 0505 19970430  5   64.24
 03774 0505 19970502  1   14.96
 03774 0505 19980405  4   58.85
 05312 0506 19970122  4   65.34
 05405 0507 19970122  5  112.72
 05405 0507 19970125  2   40.74
 05405 0507 19970827  1   14.96
 05405 0507 19971107  5   66.95
 05405 0507 19971215  7  105.93
 05418 0508 19970122  2   18.75
 05420 0509 19970122  3   49.97
 05420 0509 19970124  6   84.22
 05420 0509 19970210  6   85.01
 05420 0509 19970214  6   86.40
 05420 0509 19970224  6   88.99
 05420 0509 19970308  5   71.63
 05420 0509 19970326  6   95.91
 05420 0509 19970407  9  125.69
 05420 0509 19970417  6   95.94
 05420 0509 19970425  7  100.60
 05420 0509 19970505  7  103.75
 05420 0509 19970512  1   15.36
 05420 0509 19970611  7   90.18
 05420 0509 19970620  5   76.22
 05420 0509 19970627  1   15.36
 05420 0509 19970818  7   95.98
 05420 0509 19970904  7   99.21
 05420 0509 19970918  5   69.45
 05420 0509 19970925  1   15.49
 05420 0509 19971006  6   87.44
 05420 0509 19971118  7   99.93
 05420 0509 19980119  7  102.93
 05420 0509 19980130  4  131.46
 05420 0509 19980131  4   56.46
 05433 0510 19970122  1   13.97
 05439 0511 19970122  4   44.74
 05439 0511 19970228  1   14.96
 05451 0512 19970122  1   49.97
 05461 0513 19970122  1   11.97
 05461 0513 19970318  2   37.65
 05467 0514 19970122  2   35.76
 05502 0515 19970122  1   11.77
 05519 0516 19970122  1   11.70
 05519 0516 19980614  2   25.98
 05519 0516 19980618  2   20.98
 05525 0517 19970122  4   62.87
 05525 0517 19970220  1   11.77
 05525 0517 19970310  1   21.77
 05525 0517 19970323  3   35.31
 05525 0517 19970518  2   24.74
 05525 0517 19970817  2   43.34
 05525 0517 19980101  2   31.48
 05533 0518 19970122  1   14.77
 05554 0519 19970122  1   14.96
 05554 0519 19970930  3   41.47
 05554 0519 19980226  2   25.16
 05558 0520 19970122  2   34.98
 05575 0521 19970122  1    9.97
 05575 0521 19970604  1   13.77
 05575 0521 19970623  2   21.54
 05575 0521 19970730  1   13.97
 05575 0521 19970818  1    4.79
 05575 0521 19970920  1   11.49
 05575 0521 19970923  2   46.48
 05575 0521 19971103  1   27.99
 05575 0521 19971107  1   33.99
 05575 0521 19971128  2   31.98
 05575 0521 19971211  2   22.98
 05575 0521 19971219  1   16.99
 05575 0521 19971229  1    8.49
 05575 0521 19971229  1   19.99
 05575 0521 19980307  1   15.49
 05575 0521 19980609  3   18.47
 05579 0522 19970122  2   28.13
 05595 0523 19970122  1   12.49
 05595 0523 19970322  2   20.86
 05595 0523 19970410  1   14.37
 05597 0524 19970122  2   30.36
 05615 0525 19970122  3   43.70
 05631 0526 19970122  2   30.76
 05631 0526 19970528  8  120.95
 05631 0526 19970630  6   71.22
 05631 0526 19971009  1   11.49
 05631 0526 19971013  1   13.99
 05631 0526 19971021  4   53.96
 05631 0526 19971027  3   47.97
 05633 0527 19970122  1   12.49
 05645 0528 19970122  1   17.90
 05645 0528 19970819  1   27.77
 05645 0528 19980503  1   11.88
 05444 0529 19970123  5   63.05
 05444 0529 19970618  4   38.92
 05444 0529 19971101  4   25.96
 05444 0529 19971106  1   14.49
 05444 0529 19971108  5   58.95
 05444 0529 19971211  2   16.98
 05444 0529 19980316  3   29.97
 05444 0529 19980325  1   12.99
 05444 0529 19980414  4   28.46
 05444 0529 19980607  3   14.47
 05444 0529 19980616  2   15.98
 05444 0529 19980626  3   27.97
 05481 0530 19970123  1   11.77
 05646 0531 19970123  2   25.74
 05651 0532 19970123  1   17.90
 05651 0532 19970423  1   12.49
 05651 0532 19980309  4   37.96
 05664 0533 19970123  3   41.50
 05674 0534 19970123  2   23.54
 05674 0534 19970224  3   44.88
 05677 0535 19970123  9  154.92
 05677 0535 19970521  1   17.70
 05677 0535 19970817  2  137.14
 05677 0535 19971018  4   62.96
 05677 0535 19980201 12  169.38
 05683 0536 19970123  1   11.77
 05694 0537 19970123  1    9.77
 05717 0538 19970123 10  141.85
 05719 0539 19970123  2   23.94
 05719 0539 19970124  1    6.79
 05746 0540 19970123 14  202.58
 05749 0541 19970123  3   38.50
 05749 0541 19970310  3   40.70
 05749 0541 19970902  2   26.73
 05749 0541 19971113  2   22.48
 05749 0541 19971205  2   26.48
 05749 0541 19971205  1   13.99
 05749 0541 19980129  3   37.86
 05749 0541 19980314  1   12.58
 05749 0541 19980404  4   64.24
 05749 0541 19980503  3   41.97
 05770 0542 19970123  3   35.91
 05779 0543 19970123  9  124.69
 05779 0543 19970221 12  147.40
 05779 0543 19970629  9  124.51
 05788 0544 19970123  1   14.37
 05802 0545 19970123  2   29.16
 05817 0546 19970123  2   23.14
 05832 0547 19970123  1   13.97
 05839 0548 19970123  5   70.45
 05839 0548 19970626  5   71.45
 05847 0549 19970123  2   37.96
 05847 0549 19970128  3   58.95
 05847 0549 19970303  2   28.93
 05847 0549 19970415  3   46.93
 05847 0549 19970426  1   21.99
 05847 0549 19970516  3   49.31
 05847 0549 19970611  3   38.91
 05847 0549 19970623  3   42.31
 05847 0549 19970822  2   27.94
 05847 0549 19970827  3   44.30
 05847 0549 19970915  2   27.98
 05847 0549 19971101  4   53.96
 05847 0549 19971126  3   39.97
 05847 0549 19971205  4   52.46
 05847 0549 19980116  3   59.47
 05847 0549 19980312  3   36.97
 05847 0549 19980405  2   25.07
 05847 0549 19980519  3   36.97
 05847 0549 19980605  3   49.56
 05847 0549 19980629  1   12.58
 05851 0550 19970123  2   15.76
 05852 0551 19970123  2   66.96
 05852 0551 19970311  1   30.97
 05855 0552 19970123  2   33.80
 05855 0552 19970125  3   38.16
 05855 0552 19970206  4   71.24
 05855 0552 19970216  1   14.99
 05870 0553 19970123  1   14.37
 05870 0553 19970508  4   56.31
 05870 0553 19970602  5   92.96
 05870 0553 19970708  1   26.75
 05870 0553 19980603  2   34.48
 05873 0554 19970123  2   21.54
 05875 0555 19970123  2   31.80
 05875 0555 19970504  2   39.98
 05875 0555 19970907  2   23.95
 05889 0556 19970123  1   12.97
 05903 0557 19970123  2   25.14
 05221 0558 19970124  1    8.97
 05221 0558 19970204  1   19.30
 05221 0558 19970211  1   19.30
 05221 0558 19970220  1    4.77
 05221 0558 19970228  1   17.76
 05221 0558 19970305  5   77.84
 05221 0558 19970320  2   31.94
 05221 0558 19970325  2   25.96
 05221 0558 19970410  2   19.76
 05221 0558 19970430  2   30.69
 05221 0558 19970503  1   22.99
 05221 0558 19970520  1   31.03
 05221 0558 19970710  1   19.55
 05922 0559 19970124  2   23.54
 05936 0560 19970124  3   39.30
 05936 0560 19970318  2   30.32
 05939 0561 19970124  1   11.77
 05939 0561 19970304  2   77.34
 05939 0561 19970815  1   15.36
 05939 0561 19971001  3   42.47
 05939 0561 19971117  6   82.44
 05939 0561 19980131  4   55.35
 05947 0562 19970124  1   13.97
 05947 0562 19970214  1   33.99
 05947 0562 19970922  1   15.99
 05957 0563 19970124  3   42.31
 05972 0564 19970124  1   14.37
 05972 0564 19970124  1   13.97
 05972 0564 19970124  1   15.36
 05990 0565 19970124  7   80.59
 06002 0566 19970124  3   78.70
 06011 0567 19970124  1   14.96
 06011 0567 19970207  2   28.93
 06011 0567 19970302  1   15.36
 06011 0567 19970524  2   29.54
 06011 0567 19970625  1   15.76
 06011 0567 19970915  2   14.48
 06011 0567 19971207  3   44.47
 06011 0567 19980228  2   17.98
 06025 0568 19970124  1    9.97
 06025 0568 19971214  5   60.45
 06025 0568 19980220  4   52.54
 06044 0569 19970124  3   26.07
 06054 0570 19970124  2   13.58
 06054 0570 19970707  1   12.25
 06054 0570 19970717  1   16.36
 06054 0570 19971008  1   11.49
 06054 0570 19980309  1   12.49
 06062 0571 19970124  2   15.96
 06072 0572 19970124  5   69.22
 06072 0572 19970202  1   15.96
 06072 0572 19970212  3   52.93
 06072 0572 19970216  6   84.39
 06072 0572 19970220  2   66.54
 06072 0572 19970326  3   33.51
 06072 0572 19980215  5   69.95
 06084 0573 19970124  2   23.54
 06084 0573 19971020  2   61.98
 06084 0573 19971022  1   25.99
 06084 0573 19980330  2   26.87
 06087 0574 19970124  2   26.94
 06087 0574 19970730  3   27.31
 06094 0575 19970124  3   86.97
 06094 0575 19970303  1   13.97
 06102 0576 19970124  3   43.09
 06103 0577 19970124  4   54.27
 06103 0577 19970316  4   59.25
 06119 0578 19970124  1   38.99
 06142 0579 19970124 14  197.79
 06162 0580 19970124  1   11.77
 06178 0581 19970124  1   20.99
 06178 0581 19970124  1   27.99
 06196 0582 19970124  1   13.97
 06211 0583 19970124  2   26.14
 02792 0584 19970125  1   13.97
 02792 0584 19970930  2   45.98
 02792 0584 19971124  2   24.48
 03518 0585 19970125  1   19.99
 03518 0585 19970613  3   42.00
 03518 0585 19970625  3   38.00
 03518 0585 19970625  1    8.00
 04513 0586 19970125  2   25.74
 05940 0587 19970125  6   86.02
 06245 0588 19970125  1   13.97
 06262 0589 19970125  3   38.50
 06278 0590 19970125  1   12.77
 06293 0591 19970125  2   34.54
 06304 0592 19970125  1   21.70
 06304 0592 19970816  1   15.36
 06305 0593 19970125  4   33.34
 06305 0593 19970126  3   38.50
 06305 0593 19970227  4   56.86
 06305 0593 19970308  5   70.03
 06305 0593 19970331  1   15.90
 06305 0593 19970418  5   33.33
 06305 0593 19970426  4   39.52
 06305 0593 19970525  3   43.30
 06305 0593 19980324  1   18.49
 06313 0594 19970125  1   11.77
 06331 0595 19970125  1   19.77
 06335 0596 19970125  2   26.73
 06335 0596 19970322  1   12.77
 06335 0596 19970911  4   69.46
 06335 0596 19971115  4   50.46
 06335 0596 19971202  2   59.48
 06335 0596 19971213  6   80.44
 06335 0596 19980322  3   41.47
 06353 0597 19970125  1   14.79
 06378 0598 19970125  1   12.49
 06378 0598 19971206  2   30.98
 06378 0598 19980207  1   12.49
 06378 0598 19980311  1   12.99
 06381 0599 19970125  1    9.77
 06381 0599 19970623  1    6.78
 06381 0599 19970725  1    9.98
 06381 0599 19971103  1    9.49
 06381 0599 19971120  1   12.49
 06392 0600 19970125  1  109.99
 06392 0600 19971026  1   62.99
 06396 0601 19970125  2   27.95
 06396 0601 19970314  2   26.73
 06396 0601 19970324  2   29.33
 06396 0601 19970422  2   26.93
 06396 0601 19970624  3   44.88
 06412 0602 19970125 10  147.22
 06412 0602 19980203  7  101.82
 06427 0603 19970125  6   71.62
 06434 0604 19970125  1   35.99
 06434 0604 19970302  1   15.36
 06434 0604 19970817  1   14.96
 06434 0604 19970823  1   13.77
 06444 0605 19970125  5   77.24
 06449 0606 19970125  2   28.74
 06449 0606 19970901  1   14.37
 06461 0607 19970125  1   14.96
 06475 0608 19970125  1   21.70
 06475 0608 19970422  2   29.76
 06475 0608 19970430  1   12.97
 06479 0609 19970125  4   49.96
 06479 0609 19970126  3   37.47
 06479 0609 19970628  1   36.69
 06481 0610 19970125  2   34.75
 01499 0611 19970126  1   11.77
 01499 0611 19970408 12  163.61
 02550 0612 19970126  4   55.07
 02550 0612 19970621  1   11.77
 04819 0613 19970126  1    9.97
 04819 0613 19970701  1   11.77
 04819 0613 19970918  1   11.49
 04819 0613 19971114  1   11.49
 04819 0613 19980225  1   11.49
 05022 0614 19970126  3   38.71
 06228 0615 19970126  2   30.32
 06504 0616 19970126  1   24.99
 06518 0617 19970126  2   39.48
 06528 0618 19970126  2   18.95
 06528 0618 19970202  4   35.71
 06528 0618 19970222  1    7.78
 06537 0619 19970126  4   59.26
 06551 0620 19970126  1   14.96
 06559 0621 19970126  2   19.95
 06559 0621 19970322  1   19.99
 06574 0622 19970126  1   15.76
 06579 0623 19970126  1   27.77
 06579 0623 19970712  1   13.97
 06601 0624 19970126  5   73.95
 06606 0625 19970126  4   57.85
 06606 0625 19970314  3   46.08
 06606 0625 19970410  2   29.98
 06606 0625 19970414  1   19.99
 06615 0626 19970126  1   14.37
 06631 0627 19970126  2   24.98
 06645 0628 19970126  1    9.77
 06662 0629 19970126  1   15.36
 06686 0630 19970126  3   28.11
 06686 0630 19970923  2   18.98
 06686 0630 19971208  4   43.96
 06686 0630 19980329  2   27.98
 06702 0631 19970126  1   13.97
 06717 0632 19970126  1   14.37
 06729 0633 19970126  1   12.77
 06729 0633 19970214  5   75.20
 06733 0634 19970126  1   14.99
 06760 0635 19970126  5   53.29
 06781 0636 19970126  1   15.36
 01117 0637 19970127  1   14.96
 02337 0638 19970127  2    9.98
 06682 0639 19970127  3   73.97
 06797 0640 19970127  1   15.36
 06799 0641 19970127  4   50.54
 06799 0641 19970216  3   39.32
 06799 0641 19970705  4   56.07
 06799 0641 19970802  2   24.73
 06799 0641 19971019  3   41.97
 06799 0641 19971102  3   40.97
 06799 0641 19980208  8  111.30
 06799 0641 19980326  1   10.99
 06799 0641 19980411  1   12.99
 06799 0641 19980623  2   45.98
 06819 0642 19970127  1    6.79
 06821 0643 19970127  2   29.33
 06821 0643 19970213  1   18.36
 06821 0643 19970228  3   28.14
 06821 0643 19970627  1    7.78
 06821 0643 19970814  1    6.77
 06838 0644 19970127  4  165.07
 06838 0644 19980127  1   11.88
 06854 0645 19970127  1   14.37
 06854 0645 19980113  2   32.98
 06854 0645 19980511  1   16.99
 06869 0646 19970127  1   11.77
 06892 0647 19970127  2   24.74
 06898 0648 19970127  2   29.73
 06898 0648 19970207  1    9.98
 06898 0648 19970418  1   13.97
 06898 0648 19971114  1   10.49
 06898 0648 19971223  1   10.49
 06918 0649 19970127  1   13.97
 06918 0649 19970328  1   15.36
 06918 0649 19980128  1   14.49
 06918 0649 19980201  1   15.49
 06918 0649 19980217  1   15.49
 06918 0649 19980416  3   44.47
 06931 0650 19970127  1   21.37
 06931 0650 19970313  2   29.33
 06931 0650 19980321  2   22.48
 06934 0651 19970127  1   36.99
 06934 0651 19971030  4   52.46
 06934 0651 19971125  2   28.48
 06955 0652 19970127  1    9.77
 06967 0653 19970127  2   28.74
 06983 0654 19970127  1   14.37
 06993 0655 19970127  1   11.77
 06993 0655 19970130  1   14.37
 06993 0655 19970226  1   14.37
 06993 0655 19970727  7   76.79
 06993 0655 19970807  3   26.83
 06993 0655 19970902  2   14.58
 06999 0656 19970127  2   31.52
 06999 0656 19970309  1   11.77
 07001 0657 19970127  4   61.05
 07001 0657 19980326  5   77.45
 07017 0658 19970127  3   37.03
 07021 0659 19970127  2   28.47
 07021 0659 19970318  2   26.73
 07024 0660 19970127  6   70.83
 07024 0660 19970320  3   28.86
 07024 0660 19970326  1   19.30
 07037 0661 19970127  2   31.32
 07037 0661 19970920  1   12.99
 07040 0662 19970127  2   24.74
 07050 0663 19970127  2   23.98
 07071 0664 19970127  2   23.54
 07093 0665 19970127  1   11.77
 07093 0665 19980509  1    5.49
 06131 0666 19970128  1   44.77
 06131 0666 19970623  4   52.47
 06912 0667 19970128  1    5.78
 07102 0668 19970128  3   31.93
 07102 0668 19970218  2   27.13
 07102 0668 19970224  2   19.75
 07102 0668 19970225  3   44.32
 07102 0668 19970403  3   53.09
 07102 0668 19970418  3   42.90
 07102 0668 19970422  2   30.72
 07102 0668 19970511  1   14.96
 07102 0668 19970920  1    2.99
 07104 0669 19970128  3   42.90
 07104 0669 19970228  3   54.71
 07112 0670 19970128  1   28.99
 07120 0671 19970128  2   28.76
 07120 0671 19970208  1   15.96
 07120 0671 19970424  4   57.06
 07120 0671 19970701  2   27.94
 07120 0671 19970708  1   16.36
 07120 0671 19970725  1   28.97
 07120 0671 19970821  3   72.89
 07120 0671 19971011  2   25.98
 07120 0671 19971220  1   12.99
 07120 0671 19980425  3   45.47
 07122 0672 19970128  1   15.36
 07122 0672 19970326  3   34.11
 07130 0673 19970128  5   84.83
 07130 0673 19970204  1   13.97
 07130 0673 19970224  2   26.33
 07130 0673 19980130  4   61.96
 07130 0673 19980212  4   55.04
 07130 0673 19980317  4   75.96
 07130 0673 19980531  4   70.45
 07136 0674 19970128  2   32.29
 07148 0675 19970128  3   45.89
 07148 0675 19970207  3   96.93
 07148 0675 19970620  2   21.74
 07148 0675 19970724  2   37.73
 07148 0675 19970724  4   54.96
 07148 0675 19971110  2   34.48
 07148 0675 19971209  7  108.43
 07152 0676 19970128  5   69.47
 07152 0676 19970215  6   87.27
 07152 0676 19970312  3   39.90
 07152 0676 19970408  1   14.96
 07152 0676 19970505  8  113.35
 07152 0676 19970611  5   86.43
 07152 0676 19970708 10  134.09
 07158 0677 19970128  3   58.31
 07162 0678 19970128  1    6.79
 07162 0678 19970620  1   14.96
 07180 0679 19970128  1    5.99
 07186 0680 19970128  2   31.35
 07186 0680 19970312  2   26.96
 07186 0680 19970522  2   30.32
 07193 0681 19970128  1   15.36
 07193 0681 19970207  1   29.77
 07193 0681 19970210  1   14.37
 07193 0681 19970409  1   13.97
 07193 0681 19970526  1   14.37
 07193 0681 19970723  2   13.76
 07193 0681 19971103  1   12.49
 07193 0681 19980131  1    7.49
 07193 0681 19980317  3   38.86
 07193 0681 19980325  2   34.86
 07193 0681 19980421  3   38.86
 07193 0681 19980501  1   11.18
 07193 0681 19980504  1   15.49
 07198 0682 19970128  2   28.74
 07204 0683 19970128  1   12.49
 07204 0683 19970812  1   10.77
 07216 0684 19970128  2   31.54
 07231 0685 19970128  1   24.99
 07244 0686 19970128  1   14.96
 07260 0687 19970128  2   27.94
 07276 0688 19970128  1   19.99
 07288 0689 19970128  1   11.77
 07294 0690 19970128  1   21.70
 07294 0690 19970609  2   29.92
 07294 0690 19980313  3   34.80
 07305 0691 19970128  1   15.39
 07305 0691 19970311  2   21.54
 07313 0692 19970128  2   32.60
 07323 0693 19970128  2   18.95
 07323 0693 19970211  2   25.56
 07323 0693 19970215  1   15.36
 07323 0693 19970316  3   46.08
 07323 0693 19970318  1   26.99
 07323 0693 19970323  2   29.92
 07323 0693 19970323  1   15.36
 07323 0693 19970328  2   31.78
 07323 0693 19970413  4   58.85
 07323 0693 19970420  3   56.97
 07323 0693 19970504  5   83.42
 07323 0693 19970513  4   55.32
 07323 0693 19970615  4   55.65
 07323 0693 19970909  1    7.49
 07323 0693 19970926  4   42.96
 07323 0693 19980107  4   90.96
 07323 0693 19980119  1   14.49
 07323 0693 19980222  4   43.85
 07323 0693 19980222  1   15.49
 07323 0693 19980224  3   47.97
 07323 0693 19980225  1   11.88
 07323 0693 19980322  2   31.98
 07330 0694 19970128  1   16.36
 07361 0695 19970128  2   36.48
 07367 0696 19970128  1   22.99
 07367 0696 19970222  1   24.99
 02944 0697 19970129  1   14.96
 02944 0697 19970310  2   30.33
 02944 0697 19970406  1   14.96
 02944 0697 19970729  1   14.96
 06075 0698 19970129  1    3.99
 06296 0699 19970129  2   27.13
 06296 0699 19970130  1   11.77
 06296 0699 19970205  1   11.77
 06296 0699 19970220  1   14.37
 06296 0699 19970506  1   11.77
 06296 0699 19970510  2   36.41
 06296 0699 19980314  2   19.98
 06296 0699 19980528  1   11.49
 07292 0700 19970129  3   36.97
 07292 0700 19980111  2   38.98
 07375 0701 19970129  1   15.36
 07375 0701 19970515  1   14.96
 07375 0701 19970531  2   26.14
 07375 0701 19971025  1   12.99
 07375 0701 19971112  1   12.99
 07384 0702 19970129  7  104.17
 07384 0702 19970708  9  128.89
 07386 0703 19970129  1   13.99
 07401 0704 19970129  2   33.13
 07409 0705 19970129  1   12.97
 07409 0705 19970417  1   11.78
 07422 0706 19970129  1   21.99
 07449 0707 19970129  1   11.77
 07449 0707 19970226  2   37.75
 07460 0708 19970129  1   14.79
 07460 0708 19970202  2   29.58
 07462 0709 19970129  1   12.49
 07484 0710 19970129  2   25.76
 07500 0711 19970129  1   19.99
 07512 0712 19970129  2    9.98
 07512 0712 19970209  2   30.92
 07512 0712 19970530  2   29.92
 07512 0712 19970705  1   14.37
 07512 0712 19970831  1   14.96
 07512 0712 19980418  2   29.36
 07513 0713 19970129  1   14.70
 07513 0713 19970211  1   14.70
 07513 0713 19970214  2    9.58
 07513 0713 19970223  1   14.96
 07513 0713 19970324  2   25.74
 07513 0713 19970815  1   15.36
 07513 0713 19970921  1   17.49
 07513 0713 19980324  2   24.48
 07513 0713 19980429  2   29.98
 07513 0713 19980527  2   24.48
 07513 0713 19980625  1   17.49
 07513 0713 19980628  1   11.49
 07517 0714 19970129  2   30.36
 07517 0714 19970210  1   14.37
 07536 0715 19970129  5   80.26
 07536 0715 19970220  4   50.27
 07536 0715 19970407  4   50.27
 07540 0716 19970129  2   27.13
 07540 0716 19980311  4   51.13
 07540 0716 19980624  4   56.46
 07561 0717 19970129  1   14.96
 07561 0717 19980219  1   17.99
 07561 0717 19980305  1   15.49
 07572 0718 19970129  2   35.34
 07572 0718 19970310  1   14.96
 07572 0718 19970423  1   13.97
 07572 0718 19980417  2   24.46
 07579 0719 19970129  4   67.47
 07587 0720 19970129  1   11.77
 07587 0720 19970130  1   14.37
 07587 0720 19970201  1    9.77
 07587 0720 19970223  1   11.77
 07587 0720 19970416  1   14.37
 07587 0720 19970505  1   14.96
 07587 0720 19970523  1   15.96
 07587 0720 19970930  1   20.99
 07587 0720 19971129  1   12.99
 07601 0721 19970129  1   15.36
 07618 0722 19970129  1    6.79
 07636 0723 19970129  4   57.09
 07647 0724 19970129  2   26.14
 07661 0725 19970129  2   27.13
 07674 0726 19970129  2   30.15
 07674 0726 19970508  6   79.01
 07674 0726 19970606  2   51.53
 07674 0726 19970620  1   13.97
 07675 0727 19970129  2   30.13
 07691 0728 19970129  1   14.37
 07691 0728 19970206  2   25.74
 07691 0728 19970217  3   43.30
 07691 0728 19970311  4   63.86
 07691 0728 19970414  8   86.27
 07691 0728 19970528  9   93.24
 07694 0729 19970129  2   24.94
 03268 0730 19970130  1   16.99
 03268 0730 19970407  1   11.77
 03268 0730 19970414  1   11.77
 05067 0731 19970130  3   41.50
 05067 0731 19970303  1   18.76
 05067 0731 19980309  2    9.48
 05067 0731 19980318  2   29.98
 05722 0732 19970130  3   39.51
 05722 0732 19970316  2   39.74
 05722 0732 19970829  3   36.71
 05722 0732 19970923  3   35.97
 05722 0732 19971028  3   25.47
 07442 0733 19970130  1   15.36
 07520 0734 19970130  1   14.96
 07710 0735 19970130  2   20.54
 07726 0736 19970130  3   32.24
 07726 0736 19971022 12  201.88
 07745 0737 19970130  1    6.79
 07764 0738 19970130  2   44.98
 07772 0739 19970130  2   28.94
 07772 0739 19970503  1   12.49
 07772 0739 19980227  2   24.07
 07780 0740 19970130  1   11.77
 07795 0741 19970130  2   28.73
 07795 0741 19970723  1   14.96
 07795 0741 19980505  2   24.87
 07800 0742 19970130  1    5.98
 07811 0743 19970130  1   14.37
 07811 0743 19971121  1   14.49
 07811 0743 19971229  1   14.49
 07811 0743 19980226  1   12.58
 07830 0744 19970130  2   40.73
 07838 0745 19970130  1    7.98
 07838 0745 19970421  1   17.70
 07838 0745 19970511  1   15.96
 07838 0745 19971008  2   15.98
 07838 0745 19980103  1   13.99
 07847 0746 19970130  1   19.98
 07856 0747 19970130  6   90.41
 07856 0747 19970428  2   70.13
 07856 0747 19971212 17  238.33
 07856 0747 19980309 11  152.46
 07856 0747 19980508  8   99.16
 07867 0748 19970130  1   11.77
 07881 0749 19970130  2   39.98
 07889 0750 19970130  1   12.49
 07889 0750 19970321  1    6.79
 07901 0751 19970130  2   32.48
 07901 0751 19970211  1  162.99
 07901 0751 19970303  4   81.95
 07901 0751 19970324  1   28.70
 07901 0751 19970331  1   29.90
 07901 0751 19970405  1   13.97
 07901 0751 19970520  4  155.80
 07901 0751 19970720  1    9.77
 07901 0751 19970725  3   49.90
 07901 0751 19970819  5   74.21
 07901 0751 19970823  1   15.36
 07901 0751 19971030  5  132.95
 07901 0751 19971104  6  107.44
 07916 0752 19970130  1   15.36
 07937 0753 19970130  2   54.98
 07948 0754 19970130  1   16.00
 07960 0755 19970130  1   19.99
 07967 0756 19970130  1   16.36
 07967 0756 19970204  1   11.97
 07967 0756 19970329  1   14.96
 07967 0756 19970525  1   12.97
 07967 0756 19980126  1   13.99
 07974 0757 19970130  3   36.51
 07974 0757 19970525  1   12.77
 07974 0757 19970526  1   11.77
 07974 0757 19970530  3   37.50
 07982 0758 19970130  1   21.97
 08001 0759 19970130  2   23.54
 05413 0760 19970131  6   68.44
 05413 0760 19970227  4   58.66
 05413 0760 19970405  5   75.21
 08008 0761 19970131  5  110.84
 08008 0761 19970216  6   78.01
 08008 0761 19970305  7   92.38
 08008 0761 19970428  7  107.39
 08008 0761 19970704  5   76.84
 08008 0761 19970930  6   93.44
 08008 0761 19971110  9  122.91
 08008 0761 19971207  4   54.96
 08021 0762 19970131  1   14.99
 08021 0762 19970227  2   25.94
 08021 0762 19970315  1   19.77
 08021 0762 19970329  1   12.49
 08021 0762 19970712  1   13.97
 08021 0762 19971207  2   22.98
 08021 0762 19980218  1   34.98
 08022 0763 19970131  4   72.46
 08022 0763 19971231  9  116.41
 08022 0763 19980630 10  200.57
 08039 0764 19970131  1   88.70
 08060 0765 19970131  3   45.28
 08076 0766 19970131  1    8.97
 08092 0767 19970131  1   15.99
 08092 0767 19971111  1    2.99
 08092 0767 19980626  1   12.58
 08111 0768 19970131  5   76.80
 08135 0769 19970131  1   14.97
 08143 0770 19970131  2   30.72
 08143 0770 19970226  2   27.94
 08157 0771 19970131  2   26.73
 08173 0772 19970131  1   16.96
 08194 0773 19970131  1   11.77
 08208 0774 19970131  5  104.29
 08220 0775 19970131  1   11.77
 08220 0775 19970523  1   15.36
 08220 0775 19971121  2   26.48
 08221 0776 19970131  1   13.97
 08221 0776 19970202  2   24.98
 08222 0777 19970131  1   12.49
 08222 0777 19970219  1    6.79
 08222 0777 19970225  1   22.99
 08222 0777 19970406  1    6.79
 08228 0778 19970131  3   46.08
 08228 0778 19970402  2   28.34
 08235 0779 19970131  1    9.98
 08249 0780 19970131  1   14.96
 08268 0781 19970131  1   11.77
 00060 0782 19970201  2   21.75
 07854 0783 19970201  1   12.97
 07854 0783 19970208  3   46.93
 07854 0783 19970314  4   52.67
 07854 0783 19970404  1   14.96
 07854 0783 19970507  2   70.76
 07854 0783 19970507  2   35.34
 07854 0783 19970904  3   38.50
 07854 0783 19970919  2   22.98
 07854 0783 19971024  2   25.98
 07854 0783 19971109  1   12.99
 07854 0783 19971220  8  131.42
 07854 0783 19971225  4   56.96
 07854 0783 19980207  2   22.48
 07854 0783 19980408  1   30.49
 07887 0784 19970201  3   43.73
 07887 0784 19970211  3   38.90
 07887 0784 19970730  3   35.33
 08290 0785 19970201  1    8.97
 08307 0786 19970201  1    4.79
 08326 0787 19970201  3   66.26
 08343 0788 19970201  2   31.35
 08364 0789 19970201  1   14.37
 08377 0790 19970201  2  117.74
 08391 0791 19970201  1   12.49
 08391 0791 19980213  1   22.49
 08391 0791 19980516  1    9.49
 08405 0792 19970201  4   55.26
 08405 0792 19980219  3   22.47
 08405 0792 19980420  4   51.35
 08405 0792 19980424  1    6.28
 08408 0793 19970201  4   48.67
 08408 0793 19970216  4   50.30
 08419 0794 19970201  1    9.78
 08419 0794 19970208  1    9.98
 08419 0794 19970304  1    9.98
 08419 0794 19970321  2   23.36
 08419 0794 19970520  2   13.58
 08419 0794 19970606  1   10.98
 08419 0794 19970905  1   12.97
 08429 0795 19970201  1   38.99
 08443 0796 19970201  3   80.30
 08443 0796 19970314  1   32.37
 08444 0797 19970201  1   19.77
 08450 0798 19970201  8   89.20
 08450 0798 19970315  5   65.63
 08450 0798 19970330 13  189.00
 08450 0798 19980315  2   24.98
 08463 0799 19970201  2   25.74
 08463 0799 19980518  2   23.76
 08479 0800 19970201  1   11.77
 08481 0801 19970201 10  147.07
 08481 0801 19970309  4   63.84
 08481 0801 19970509 11  157.86
 08481 0801 19970530  6   87.22
 08481 0801 19970707  7  104.94
 08481 0801 19970718  9  160.87
 08481 0801 19970904 10  144.69
 08481 0801 19970904  1   14.96
 08481 0801 19970925 10  137.90
 08481 0801 19971106  9  120.41
 08481 0801 19980321 15  201.55
 08481 0801 19980407  8  107.43
 08481 0801 19980505  6   76.80
 08502 0802 19970201  1   14.37
 08516 0803 19970201  1   16.76
 08527 0804 19970201  1   15.96
 08538 0805 19970201  2   25.75
 08538 0805 19970424  2   24.69
 08538 0805 19970626  2   40.14
 08538 0805 19980117  1   17.99
 08542 0806 19970201  2   23.54
 08560 0807 19970201  2   27.85
 08573 0808 19970201  1   32.97
 08592 0809 19970201  2   26.67
 08601 0810 19970201  5   62.25
 08601 0810 19970313  4   49.88
 08601 0810 19970501  3   43.70
 08601 0810 19980115  4   56.96
 08601 0810 19980212  1   11.49
 08601 0810 19980303  1   11.88
 08601 0810 19980330  2   28.48
 08601 0810 19980608  2   28.98
 08601 0810 19980628  1   12.99
 03567 0811 19970202 13  179.21
 04979 0812 19970202  2   11.58
 04979 0812 19970325  1   19.99
 04979 0812 19971124  1   12.99
 08496 0813 19970202  2   42.98
 08496 0813 19970205  2   40.98
 08496 0813 19970312  1   14.99
 08496 0813 19970404  2   26.74
 08496 0813 19970410  2   28.33
 08496 0813 19970426  3   57.34
 08496 0813 19970508  2   25.74
 08496 0813 19970509  1   11.97
 08496 0813 19970606  2   47.70
 08496 0813 19970630  2   23.54
 08496 0813 19970710  1   14.37
 08496 0813 19970716  2   32.01
 08496 0813 19970728  2   35.37
 08496 0813 19970927  1   12.99
 08496 0813 19971018  2   30.48
 08496 0813 19971103  2   41.98
 08496 0813 19971111  2   25.48
 08496 0813 19971222  1   71.49
 08496 0813 19980103  2   25.48
 08496 0813 19980107  3   53.97
 08496 0813 19980114  2   27.48
 08496 0813 19980208  3   38.97
 08496 0813 19980309  2   24.98
 08496 0813 19980326  1   23.99
 08496 0813 19980329  2   18.98
 08496 0813 19980402  4   49.96
 08496 0813 19980408  3   34.97
 08496 0813 19980424  1   17.99
 08496 0813 19980501  4   57.96
 08496 0813 19980520  2   27.98
 08496 0813 19980604  3   46.97
 08496 0813 19980612  4   52.96
 08496 0813 19980620  2   25.48
 08500 0814 19970202  2   57.14
 08500 0814 19970208  4   52.89
 08500 0814 19970208  1   11.77
 08500 0814 19970213  1   22.30
 08500 0814 19970213  1   11.77
 08500 0814 19970214  1   12.97
 08500 0814 19970227  1    6.77
 08500 0814 19970227  1   12.77
 08500 0814 19970302  1   11.77
 08500 0814 19970306  1   12.97
 08500 0814 19970313  2   23.74
 08500 0814 19970313  1   11.77
 08613 0815 19970202  2   29.67
 08628 0816 19970202  1   14.37
 08666 0817 19970202  2   23.74
 08666 0817 19970225  3   39.71
 08666 0817 19970319  3   38.51
 08666 0817 19970914  3   40.97
 08678 0818 19970202  4   68.51
 08686 0819 19970202  1   15.36
 08686 0819 19970707  1   11.77
 08693 0820 19970202  1   12.97
 08699 0821 19970202  5   52.46
 08699 0821 19970307  5   66.63
 08700 0822 19970202  1   11.77
 08700 0822 19970620  1   14.96
 08718 0823 19970202  6   76.60
 08718 0823 19970204  3   40.70
 08718 0823 19970208  3   43.70
 08720 0824 19970202  1   22.00
 08742 0825 19970202  3   45.53
 08757 0826 19970202  4   58.53
 08769 0827 19970202  1   19.99
 08769 0827 19970401  1   13.97
 08776 0828 19970202  1   12.49
 08791 0829 19970202  4   33.70
 08811 0830 19970202  1   10.99
 08811 0830 19970630  4   44.28
 08815 0831 19970202  1   13.97
 08815 0831 19970719  2   21.75
 08816 0832 19970202  1   17.96
 08839 0833 19970202  2   18.54
 08853 0834 19970202  2   20.98
 08853 0834 19980321  1   11.49
 08868 0835 19970202  7  129.98
 08879 0836 19970202  1   15.70
 08879 0836 19970627  1   12.25
 08879 0836 19970907  1   12.25
 08881 0837 19970202  1   12.97
 08881 0837 19970206  1   12.97
 08883 0838 19970202  5   61.45
 08897 0839 19970202  2   27.13
 08897 0839 19971114  1   15.49
 08903 0840 19970202  1   14.96
 08903 0840 19970808  1   15.96
 08903 0840 19971108  1   12.99
 08903 0840 19980302  2  102.48
 08903 0840 19980607  1   32.49
 08903 0840 19980607  1   18.49
 00619 0841 19970203  3   41.10
 00619 0841 19970207  4   45.28
 00619 0841 19970210  2   29.33
 00619 0841 19970213  2   29.33
 00619 0841 19970219  2   23.54
 00619 0841 19970224  2   23.54
 00619 0841 19970226  1   13.97
 00619 0841 19970303  2   29.33
 00619 0841 19970317  3   37.30
 00619 0841 19970321  1    9.99
 00619 0841 19970324  2   29.33
 00619 0841 19970324  1   12.99
 00619 0841 19970328  1   11.77
 00619 0841 19970411  1   12.77
 00619 0841 19970415  1   11.77
 00619 0841 19970415  1   25.77
 00619 0841 19970422  3   38.31
 00619 0841 19970424  1   15.36
 00619 0841 19970623  2   21.54
 00619 0841 19970724  4   50.48
 00619 0841 19970725  4   60.05
 00619 0841 19970929  2   28.48
 00619 0841 19971027  2   26.98
 00619 0841 19971114  1    9.49
 00619 0841 19971202  6   77.44
 00619 0841 19971202  5   64.45
 00619 0841 19971203  4   38.46
 00619 0841 19971209  1   11.49
 00619 0841 19971215  1   12.49
 00619 0841 19980112  1   14.49
 00619 0841 19980216  2   25.48
 00619 0841 19980309  3   45.47
 00619 0841 19980311  1   11.49
 00619 0841 19980323  3   36.97
 00619 0841 19980423  1   25.99
 00619 0841 19980519  1   22.99
 04113 0842 19970203  4   61.09
 04113 0842 19970329 11  166.25
 04113 0842 19970630  3   41.50
 05240 0843 19970203  3   47.71
 05240 0843 19970809  3   50.33
 05240 0843 19970818  2   26.56
 05240 0843 19980207  2   27.97
 05242 0844 19970203  1   12.99
 07333 0845 19970203  5   68.65
 07333 0845 19970216  7   88.18
 07333 0845 19970630 10  131.07
 07435 0846 19970203  3   35.51
 07435 0846 19970211  1   19.99
 07435 0846 19970211  1   13.77
 07435 0846 19970512  7  103.94
 07898 0847 19970203  2   23.36
 08656 0848 19970203 13  261.79
 08915 0849 19970203  1   11.77
 08922 0850 19970203  1   11.77
 08922 0850 19970321  2   58.14
 08929 0851 19970203  8  119.57
 08944 0852 19970203  3   43.30
 08964 0853 19970203  2   26.14
 08976 0854 19970203  2   31.72
 08976 0854 19970206  1   16.76
 08976 0854 19971224  1   10.49
 08976 0854 19980421  8  116.33
 08985 0855 19970203  1   54.77
 09005 0856 19970203  3   39.71
 09005 0856 19970418  1   13.97
 09005 0856 19971010  2   28.48
 09005 0856 19971030  2   24.98
 09005 0856 19971125  5   62.95
 09005 0856 19980227  2   57.57
 09005 0856 19980410  5   65.34
 09008 0857 19970203  1   13.70
 09019 0858 19970203  5   72.85
 09019 0858 19970213  2   29.98
 09024 0859 19970203  1   10.78
 09041 0860 19970203  2   29.58
 09046 0861 19970203  2   30.32
 09046 0861 19970603  1   15.96
 09046 0861 19970611  1    9.98
 09046 0861 19980104  3   40.97
 09046 0861 19980109  3   40.97
 09064 0862 19970203  2   57.54
 09080 0863 19970203  1   11.77
 09093 0864 19970203  1   10.77
 09104 0865 19970203  2   25.54
 09104 0865 19970518  3   43.09
 09109 0866 19970203  1   28.99
 09120 0867 19970203  1   14.79
 09120 0867 19970223  1   13.77
 09120 0867 19970316  2   24.98
 09120 0867 19970325  2   28.93
 09120 0867 19970413  1   14.96
 09120 0867 19970810  2   26.94
 09120 0867 19970815  2   29.93
 09120 0867 19970911  2   25.98
 09120 0867 19971007  2   25.98
 09120 0867 19971007  2   25.98
 09120 0867 19971022  3   37.97
 09120 0867 19971107  2   25.98
 09120 0867 19971116  1   12.99
 09120 0867 19971208  2   27.48
 09120 0867 19971215  2   26.98
 09120 0867 19980107  4   46.96
 09120 0867 19980119  2   24.48
 09120 0867 19980202  1   11.99
 09120 0867 19980216  2   25.48
 09120 0867 19980303  3   37.86
 09120 0867 19980318  3   38.97
 09120 0867 19980518  1   14.99
 09126 0868 19970203  2   50.00
 09142 0869 19970203  1   15.36
 09160 0870 19970203  1   14.37
 09160 0870 19971222  1    8.99
 09160 0870 19980304  1   14.49
 09175 0871 19970203  1   15.36
 09197 0872 19970203  2   29.73
 09204 0873 19970203  1   15.76
 09204 0873 19970204  1    9.77
 09211 0874 19970203  1   14.96
 09232 0875 19970203  1    9.77
 09247 0876 19970203  3   56.35
 09247 0876 19970816  4   46.50
 02213 0877 19970204  2   28.34
 02213 0877 19970531  1   26.75
 06848 0878 19970204  4   47.30
 09251 0879 19970204  2   32.32
 09258 0880 19970204  3   27.57
 09258 0880 19970328  1   14.96
 09258 0880 19970406  1   15.96
 09258 0880 19980325  1   12.99
 09258 0880 19980415  1    6.28
 09258 0880 19980417  1   28.49
 09258 0880 19980507  1   14.49
 09267 0881 19970204  2   29.92
 09274 0882 19970204  1   30.99
 09274 0882 19970414  1   10.77
 09274 0882 19980616  3   26.97
 09278 0883 19970204  1   14.96
 09278 0883 19970522  2   29.92
 09288 0884 19970204  2   27.76
 09305 0885 19970204  2   23.54
 09307 0886 19970204  2   65.13
 09307 0886 19970207  3   60.43
 09307 0886 19970207  1    7.98
 09307 0886 19970419  2   18.95
 09307 0886 19970616  2   32.77
 09307 0886 19970820  8  123.28
 09307 0886 19980304  6   74.93
 09307 0886 19980306  1   60.99
 09322 0887 19970204  1   10.78
 09322 0887 19971204  2   35.48
 09333 0888 19970204  2   42.98
 09348 0889 19970204  1   14.99
 09348 0889 19970511  4   51.60
 09352 0890 19970204  1    6.79
 09365 0891 19970204  1   19.99
 09389 0892 19970204  1   15.36
 09394 0893 19970204  2   48.60
 09394 0893 19970721  2   45.40
 09407 0894 19970204  2   11.58
 09420 0895 19970204  1   19.99
 09442 0896 19970204  2   30.33
 09443 0897 19970204  1    6.79
 09443 0897 19970205  1   11.77
 09443 0897 19970306  1    5.78
 09443 0897 19970320  1    9.77
 09443 0897 19970410  1   14.37
 09443 0897 19970518  1    6.79
 09454 0898 19970204  1   13.97
 09454 0898 19970204  1   13.97
 09454 0898 19970417  1   14.96
 09468 0899 19970204  2   22.94
 09468 0899 19980320  1   11.49
 09468 0899 19980519  1    8.38
 09468 0899 19980625  1    9.49
 09479 0900 19970204  1   13.77
 09479 0900 19970728  2   54.73
 09479 0900 19980105  1   16.99
 09479 0900 19980427  2   35.86
 09479 0900 19980430  3   44.97
 09485 0901 19970204  1   52.77
 09494 0902 19970204  3   33.51
 09494 0902 19970413  3   53.50
 09494 0902 19980604  5   60.84
 09504 0903 19970204  1   14.37
 09504 0903 19980406  1   22.49
 09521 0904 19970204  2   31.33
 09521 0904 19970220  3   35.51
 09525 0905 19970204  1   15.76
 09539 0906 19970204  1   20.99
 09539 0906 19971009  5   68.45
 09554 0907 19970204  1   14.77
 09555 0908 19970204  1   15.36
 09555 0908 19970205  2   26.14
 09555 0908 19970218  2   28.74
 09555 0908 19970422  3   39.51
 09555 0908 19970506  2   24.33
 09555 0908 19970513  2   20.54
 09555 0908 19970706  2   30.32
 09555 0908 19970805  1   15.36
 09555 0908 19971207  1   10.49
 09555 0908 19971207  1   10.49
 09568 0909 19970204  2   25.74
 09568 0909 19970616  2   30.33
 09568 0909 19970625  2   25.74
 09568 0909 19980226  3   34.24
 09568 0909 19980406  1    9.08
 09568 0909 19980416  1    8.38
 09572 0910 19970204 10  224.28
 09572 0910 19970504  9  152.72
 09572 0910 19971109  9  204.91
 09574 0911 19970204  1   11.77
 09593 0912 19970204  1    4.79
 02198 0913 19970205  1   13.77
 09202 0914 19970205  2   23.54
 09202 0914 19980410  2   23.98
 09611 0915 19970205  4   37.56
 09622 0916 19970205  7   92.81
 09622 0916 19970526  3   36.50
 09626 0917 19970205  1   13.77
 09671 0918 19970205  1   12.77
 09687 0919 19970205  1    8.77
 09704 0920 19970205  1   13.97
 09719 0921 19970205  2   30.53
 09719 0921 19970730  4   65.54
 09719 0921 19970922  2   45.48
 09719 0921 19971011  4   59.96
 09719 0921 19971211  4   59.96
 09719 0921 19980130  2   45.48
 09719 0921 19980422  4   59.96
 09722 0922 19970205  5   65.64
 09734 0923 19970205  1   14.37
 09756 0924 19970205  2   12.57
 09756 0924 19971109  3   29.97
 09756 0924 19980604  1   12.99
 09756 0924 19980605  1   14.99
 09770 0925 19970205  2   29.92
 09786 0926 19970205  3   37.47
 09810 0927 19970205  2   24.74
 09810 0927 19980422  1   12.58
 09810 0927 19980519  2   23.98
 09810 0927 19980605  2   23.98
 09825 0928 19970205  2   20.74
 09825 0928 19970406  1   14.37
 09825 0928 19980304  1   10.49
 09826 0929 19970205  1   13.97
 09830 0930 19970205  4   38.70
 09830 0930 19970325  3   44.57
 09830 0930 19970405  2   20.89
 09830 0930 19970617  1    9.98
 09830 0930 19970807  1   24.99
 09842 0931 19970205  1   14.37
 09848 0932 19970205  2   24.96
 09848 0932 19970309  2   25.94
 09848 0932 19980226  1   12.58
 09848 0932 19980501  1    9.49
 09848 0932 19980523  2   29.98
 09849 0933 19970205  1   20.97
 09849 0933 19970716  2   28.74
 09858 0934 19970205  2   29.92
 09873 0935 19970205  1   14.96
 09873 0935 19970223  1   17.90
 09878 0936 19970205  2   39.14
 09887 0937 19970205  1   11.77
 09887 0937 19970303  1   15.99
 03580 0938 19970206  1   35.77
 03580 0938 19970602  1   14.96
 03580 0938 19970925  3    8.97
 03874 0939 19970206  4   58.47
 07273 0940 19970206  2   24.54
 07273 0940 19970227  2   29.93
 07273 0940 19971207  2   25.48
 07416 0941 19970206  4   51.38
 08572 0942 19970206 13  182.02
 09303 0943 19970206  2   26.95
 09759 0944 19970206  3   31.11
 09759 0944 19970317  2   31.48
 09759 0944 19970930  3   56.47
 09759 0944 19980105  6   78.94
 09895 0945 19970206  1   15.90
 09903 0946 19970206  2   27.76
 09903 0946 19970222  5   75.84
 09903 0946 19970226  2   18.55
 09903 0946 19970310  1    9.77
 09903 0946 19970524  1   12.25
 09903 0946 19980227  1   10.49
 09911 0947 19970206  1   18.36
 09916 0948 19970206  2   30.67
 09916 0948 19970321  1   14.96
 09919 0949 19970206  3   32.92
 09919 0949 19970207  2   20.95
 09919 0949 19970212  2   26.73
 09919 0949 19970214  1    4.79
 09919 0949 19970303  2   26.93
 09919 0949 19970813  1    8.79
 09919 0949 19970915  2   21.98
 09919 0949 19970922  3   30.97
 09919 0949 19971209  1   12.99
 09919 0949 19971214  1   12.49
 09919 0949 19980208  1    4.49
 09919 0949 19980414  1   12.49
 09919 0949 19980507  1   11.88
 09926 0950 19970206  1   14.96
 09926 0950 19970214  2   30.72
 09927 0951 19970206  4   52.48
 09938 0952 19970206 12  141.16
 09938 0952 19970222  8  125.69
 09943 0953 19970206  1   11.77
 09958 0954 19970206  3   30.93
 09965 0955 19970206  7  122.90
 09965 0955 19970313  9  135.92
 09965 0955 19970518  7  142.90
 09965 0955 19970521  2   39.00
 09965 0955 19970724  4   81.00
 09971 0956 19970206  1   18.36
 09971 0956 19980616  1   11.49
 09985 0957 19970206  1   12.49
 09985 0957 19970325  1   12.79
 09987 0958 19970206  1   19.99
 10002 0959 19970206  6   77.21
 10020 0960 19970206  1   40.97
 10041 0961 19970206  1   13.97
 10048 0962 19970206  1   10.97
 10048 0962 19970213  1   13.97
 10048 0962 19971209  3   61.47
 10057 0963 19970206  1   18.99
 10061 0964 19970206  1   11.97
 10061 0964 19970325  2   28.76
 10061 0964 19970331  2   26.13
 10061 0964 19970516  1   14.79
 10061 0964 19970630  1   26.75
 10061 0964 19970714  1   38.10
 10061 0964 19970812  1   11.77
 10061 0964 19970905  1   14.79
 10061 0964 19971010  3   41.97
 10061 0964 19980325  3   38.55
 10061 0964 19980412  3   49.47
 10061 0964 19980604  2   29.48
 10064 0965 19970206  1   13.97
 10064 0965 19970424  4   42.02
 10064 0965 19980119  1   22.99
 10081 0966 19970206  2   25.76
 10081 0966 19980128  2   28.07
 10085 0967 19970206  2   29.33
 10085 0967 19970226  2   29.92
 10085 0967 19970303  4   44.90
 10085 0967 19970422  1   14.37
 10085 0967 19970620  1   39.51
 10085 0967 19970727  4   57.50
 10085 0967 19970903  1   68.77
 10085 0967 19971215  2   27.48
 10085 0967 19980217  2   28.21
 10085 0967 19980314  2   23.98
 10085 0967 19980323  1   14.49
 10096 0968 19970206  1    9.97
 10096 0968 19980109  1   13.49
 10096 0968 19980118  1   68.99
 10096 0968 19980628  2   28.48
 10102 0969 19970206  4   80.71
 10102 0969 19970212  3   49.33
 10102 0969 19970222  3   41.29
 10102 0969 19970602  2   28.93
 10102 0969 19970604  1    5.76
 10102 0969 19970614  1   42.77
 10102 0969 19980215  1   33.99
 10102 0969 19980502  1   32.99
 10102 0969 19980502  1   23.99
 10112 0970 19970206  1    9.77
 10122 0971 19970206  2   25.54
 10122 0971 19970330  1    9.97
 10122 0971 19970517  1   14.96
 10126 0972 19970206  6   96.29
 10137 0973 19970206  1   28.99
 10137 0973 19970608  3   38.51
 10145 0974 19970206  2   31.52
 10151 0975 19970206  3   37.31
 10151 0975 19970209  2   32.74
 10151 0975 19970723  2   29.98
 10151 0975 19970727  4   57.68
 10151 0975 19970727  4   57.68
 10151 0975 19970729  1    9.99
 10151 0975 19970903  4   54.67
 10151 0975 19970907  3   39.70
 10162 0976 19970206  1   14.96
 10163 0977 19970206  4   56.27
 10163 0977 19970323  1   22.97
 10163 0977 19970427  2   50.74
 10163 0977 19980118  1   37.49
 10178 0978 19970206  1   15.36
 10193 0979 19970206  1   17.90
 10193 0979 19971109  2   15.98
 10193 0979 19980220  1   14.99
 10193 0979 19980315  1   14.99
 10193 0979 19980317  1   11.88
 10208 0980 19970206  6  113.94
 10196 0981 19970207  3   30.31
 10196 0981 19970416  3   41.49
 10196 0981 19970530  3   35.30
 10220 0982 19970207  1   16.70
 10220 0982 19970531  2   31.60
 10220 0982 19970816  2   23.54
 10220 0982 19971007  2   25.98
 10227 0983 19970207  1   13.97
 10227 0983 19980105  1   15.49
 10245 0984 19970207  1   13.97
 10248 0985 19970207  2   40.74
 10248 0985 19970408  3   36.44
 10248 0985 19970409  2   20.74
 10248 0985 19970430  1   28.30
 10248 0985 19970624  2   30.42
 10248 0985 19970726  6   77.63
 10248 0985 19970801  1   16.70
 10248 0985 19980525  2   25.98
 10260 0986 19970207  2   28.93
 10279 0987 19970207  2   28.34
 10282 0988 19970207  1   14.96
 10282 0988 19970627  3   43.90
 10299 0989 19970207  2   39.98
 10306 0990 19970207  5   55.27
 10306 0990 19970727  3   40.51
 10306 0990 19971107  8   97.92
 10306 0990 19980117 11  149.94
 10306 0990 19980330  5   75.53
 10306 0990 19980424  2   23.76
 10306 0990 19980610  4   60.49
 10319 0991 19970207  1   13.97
 10337 0992 19970207  4   49.68
 10351 0993 19970207  3   30.31
 10352 0994 19970207  4   59.96
 10352 0994 19970213  2   39.98
 10352 0994 19970423  2   44.98
 10352 0994 19980225  4   62.96
 10386 0995 19970207  2   29.73
 10403 0996 19970207  3   45.68
 10421 0997 19970207  1   11.77
 10438 0998 19970207  2   28.76
 10440 0999 19970207  1   10.78
 10440 0999 19970219  1   10.78
 10447 1000 19970207  1    9.97
 10447 1000 19970313  1   13.77
 10447 1000 19970428  1   13.77
 10447 1000 19970604  1   10.77
 10447 1000 19970728  2   26.73
 10447 1000 19980110  2   27.98
 10447 1000 19980116  1   25.49
 10447 1000 19980509  2   28.48
